1	cohnlapata	0.8	0.625000	2.666667	2	3	3	2.000000	2	2	2
1	ilp	0.8	0.833333	3.333333	1	4	5	3.333333	2	3	5
1	sys1	0.8	0.875000	3.333333	2	4	4	2.666667	2	3	3
1	sys2	0.8	0.875000	3.333333	2	4	4	2.666667	2	3	3
1	sys3	0.8	0.875000	3.333333	2	4	4	2.666667	2	3	3
1	sys4	0.8	0.875000	3.333333	2	4	4	2.666667	2	3	3
2	ilp	0.8	0.800000	3.666667	4	4	3	2.666667	4	1	3
3	cohnlapata	0.8	0.360000	2.333333	3	2	2	4.666667	4	5	5
3	ilp	0.8	0.920000	2.666667	2	3	3	3.000000	3	2	4
3	sys1	0.8	0.960000	5.000000	5	5	5	4.333333	5	5	3
3	sys2	0.8	0.920000	3.333333	4	3	3	3.666667	3	4	4
3	sys3	0.8	0.960000	4.333333	5	4	4	4.666667	5	4	5
3	sys4	0.8	0.960000	4.000000	5	4	3	4.666667	5	4	5
4	cohnlapata	0.8	0.433333	2.000000	1	2	3	1.333333	1	1	2
4	ilp	0.8	0.700000	2.333333	2	3	2	2.000000	2	2	2
4	sys1	0.8	0.733333	4.000000	5	4	3	3.333333	5	3	2
4	sys2	0.8	0.733333	4.000000	5	4	3	3.333333	5	1	4
4	sys3	0.8	0.733333	4.333333	5	5	3	4.333333	5	4	4
4	sys4	0.8	0.733333	4.333333	5	5	3	4.333333	5	4	4
5	cohnlapata	0.8	0.800000	2.666667	3	3	2	2.666667	2	3	3
5	ilp	0.8	0.900000	3.333333	3	3	4	5.000000	5	5	5
7	cohnlapata	0.8	0.923077	2.333333	2	3	2	3.000000	3	2	4
7	ilp	0.8	0.846154	3.666667	3	4	4	3.666667	5	3	3
7	sys1	0.8	0.769231	4.000000	4	4	4	2.333333	2	2	3
8	ilp	0.8	0.909091	3.666667	4	2	5	4.333333	4	4	5
8	neg	0.8	0.5	1.333333	1	1	2	1.333333	1	1	2
9	cohnlapata	0.8	0.448980	1.333333	2	1	1	1.333333	1	2	1
9	ilp	0.8	0.979592	3.666667	3	4	4	4.666667	5	4	5
9	sys3	0.8	0.979592	4.333333	4	5	4	5.000000	5	5	5
9	sys4	0.8	0.959184	4.333333	4	5	4	4.666667	5	4	5
10	cohnlapata	0.8	0.175439	1.333333	2	1	1	1.000000	1	1	1
10	ilp	0.8	0.982456	4.000000	5	5	2	4.000000	5	2	5
10	sys3	0.8	0.859649	2.000000	2	2	2	2.000000	2	2	2
10	sys4	0.8	0.859649	2.666667	3	2	3	2.000000	2	2	2
11	cohnlapata	0.8	0.625000	3.333333	3	4	3	1.666667	2	2	1
11	ilp	0.8	0.650000	2.666667	3	3	2	1.333333	1	2	1
11	sys1	0.8	0.700000	2.666667	3	4	1	1.333333	1	1	2
11	sys2	0.8	0.700000	3.333333	4	2	4	2.666667	2	3	3
11	sys3	0.8	0.775000	4.333333	4	4	5	2.000000	2	2	2
11	sys4	0.8	0.800000	4.333333	4	4	5	2.666667	2	3	3
12	cohnlapata	0.8	0.636364	1.666667	2	1	2	2.000000	2	3	1
12	ilp	0.8	0.954545	4.666667	4	5	5	3.666667	2	5	4
12	sys3	0.8	0.863636	4.333333	3	5	5	3.666667	4	5	2
12	sys4	0.8	0.863636	4.666667	4	5	5	3.000000	3	3	3
13	cohnlapata	0.8	0.400000	1.000000	1	-1	1	3.500000	3	-1	4
13	ilp	0.8	0.960000	4.000000	4	-1	4	4.500000	5	-1	4
15	cohnlapata	0.8	0.529412	2.333333	3	3	1	2.000000	3	2	1
15	ilp	0.8	0.764706	4.333333	5	4	4	3.666667	3	4	4
15	neg	0.8	0.5	1.666667	2	2	1	1.000000	1	1	1
15	sys1	0.8	0.823529	4.000000	5	4	3	4.000000	5	3	4
15	sys2	0.8	0.882353	4.666667	5	5	4	4.666667	5	5	4
15	sys3	0.8	0.882353	4.000000	5	3	4	2.666667	3	2	3
15	sys4	0.8	0.882353	4.333333	5	4	4	4.000000	4	5	3
16	cohnlapata	0.8	0.800000	2.333333	2	1	4	3.333333	4	2	4
16	ilp	0.8	0.800000	2.333333	3	2	2	2.333333	2	2	3
16	sys1	0.8	0.900000	4.333333	4	5	4	3.333333	4	2	4
17	cohnlapata	0.8	0.076923	1.000000	1	1	1	3.666667	1	5	5
17	ilp	0.8	0.769231	4.333333	3	5	5	3.000000	2	4	3
17	neg	0.8	0.5	2.666667	1	3	4	1.666667	1	1	3
17	sys1	0.8	0.794872	4.000000	3	4	5	3.000000	2	3	4
17	sys2	0.8	0.794872	3.666667	2	4	5	2.333333	2	1	4
17	sys3	0.8	0.794872	3.333333	2	3	5	2.000000	2	1	3
17	sys4	0.8	0.794872	3.666667	3	4	4	3.000000	2	4	3
18	cohnlapata	0.8	0.352941	2.000000	1	2	3	2.666667	3	1	4
18	ilp	0.8	0.882353	4.666667	5	4	5	4.333333	5	4	4
18	sys1	0.8	0.911765	3.333333	2	4	4	2.333333	1	3	3
18	sys2	0.8	0.911765	4.333333	4	4	5	4.333333	4	5	4
18	sys3	0.8	0.911765	5.000000	5	5	5	4.333333	4	5	4
18	sys4	0.8	0.911765	4.666667	5	4	5	3.666667	5	2	4
19	cohnlapata	0.8	0.909091	4.333333	4	5	4	4.333333	4	4	5
19	ilp	0.8	0.909091	3.333333	3	3	4	3.666667	5	3	3
20	cohnlapata	0.8	0.315789	2.333333	1	2	4	1.333333	1	1	2
20	ilp	0.8	0.894737	4.333333	4	4	5	3.000000	3	3	3
20	sys1	0.8	0.842105	3.666667	2	4	5	2.666667	2	3	3
20	sys2	0.8	0.842105	4.333333	4	4	5	3.666667	3	5	3
20	sys3	0.8	0.842105	4.000000	3	4	5	4.333333	4	4	5
20	sys4	0.8	0.842105	4.000000	3	4	5	4.333333	4	4	5
21	cohnlapata	0.8	0.333333	1.666667	2	2	1	3.666667	5	4	2
21	ilp	0.8	0.888889	3.000000	4	3	2	4.000000	4	4	4
21	sys1	0.8	0.777778	3.666667	4	4	3	2.666667	3	2	3
21	sys2	0.8	0.777778	3.666667	4	4	3	2.666667	3	2	3
21	sys3	0.8	0.777778	4.000000	5	4	3	3.000000	3	4	2
21	sys4	0.8	0.777778	4.000000	5	4	3	3.000000	3	4	2
22	cohnlapata	0.8	0.714286	2.666667	2	3	3	3.000000	4	2	3
22	ilp	0.8	0.857143	4.000000	2	5	5	2.666667	3	2	3
22	sys1	0.8	0.928571	4.000000	2	5	5	5.000000	5	5	5
22	sys2	0.8	0.928571	4.000000	2	5	5	5.000000	5	5	5
22	sys3	0.8	0.928571	4.000000	2	5	5	5.000000	5	5	5
22	sys4	0.8	0.928571	4.000000	2	5	5	3.666667	5	3	3
23	cohnlapata	0.8	0.202247	1.333333	2	1	1	1.000000	-1	1	1
23	ilp	0.8	0.775281	4.000000	4	5	3	4.000000	5	5	2
23	neg	0.8	0.5	3.333333	4	4	2	2.000000	1	4	1
23	sys1	0.8	0.786517	3.333333	3	4	3	2.666667	2	4	2
23	sys2	0.8	0.808989	4.333333	4	5	4	4.666667	5	5	4
23	sys3	0.8	0.808989	4.000000	4	5	3	4.000000	5	5	2
23	sys4	0.8	0.808989	4.000000	4	4	4	4.000000	5	4	3
24	cohnlapata	0.8	0.187500	1.333333	1	1	2	1.333333	1	1	2
24	ilp	0.8	0.687500	3.666667	4	2	5	3.666667	4	4	3
24	neg	0.8	0.5	2.000000	1	2	3	1.666667	1	2	2
24	sys1	0.8	0.718750	4.333333	4	4	5	3.333333	4	2	4
24	sys2	0.8	0.843750	4.000000	4	3	5	3.333333	4	2	4
24	sys3	0.8	0.843750	4.333333	4	4	5	3.666667	4	3	4
24	sys4	0.8	0.843750	3.666667	3	3	5	3.000000	2	2	5
25	cohnlapata	0.8	0.875000	2.000000	3	1	2	1.333333	2	1	1
26	cohnlapata	0.8	0.333333	3.000000	3	3	3	2.666667	3	2	3
26	ilp	0.8	0.851852	4.000000	4	3	5	3.666667	5	3	3
26	sys1	0.8	0.870370	5.000000	5	5	5	3.333333	4	3	3
26	sys2	0.8	0.870370	5.000000	5	5	5	5.000000	5	5	5
26	sys3	0.8	0.870370	5.000000	5	5	5	5.000000	5	5	5
26	sys4	0.8	0.870370	4.666667	4	5	5	4.333333	5	5	3
27	cohnlapata	0.8	0.486486	1.666667	2	1	2	1.666667	2	1	2
27	ilp	0.8	0.918919	4.000000	4	3	5	4.333333	5	3	5
27	sys1	0.8	0.945946	2.333333	2	3	2	4.666667	4	5	5
27	sys2	0.8	0.945946	2.333333	2	3	2	5.000000	5	5	5
27	sys3	0.8	0.945946	2.333333	2	3	2	4.666667	4	5	5
27	sys4	0.8	0.945946	2.333333	2	3	2	4.666667	4	5	5
28	cohnlapata	0.8	0.200000	1.000000	1	1	1	4.000000	4	4	4
28	ilp	0.8	0.740000	4.333333	4	4	5	5.000000	5	5	5
28	neg	0.8	0.5	2.666667	2	3	3	2.000000	2	2	2
28	sys1	0.8	0.760000	2.000000	1	2	3	2.333333	2	2	3
28	sys2	0.8	0.760000	4.000000	3	4	5	2.333333	2	2	3
28	sys3	0.8	0.820000	3.333333	2	4	4	2.000000	2	2	2
28	sys4	0.8	0.760000	3.666667	3	4	4	2.000000	2	2	2
29	cohnlapata	0.8	0.600000	3.000000	3	3	3	3.666667	4	3	4
29	ilp	0.8	0.560000	3.333333	3	3	4	3.333333	4	2	4
29	sys1	0.8	0.600000	3.666667	4	5	2	2.000000	2	2	2
29	sys2	0.8	0.600000	3.666667	4	3	4	2.666667	2	2	4
29	sys3	0.8	0.600000	4.333333	4	5	4	3.000000	3	2	4
29	sys4	0.8	0.600000	4.000000	4	5	3	2.666667	3	2	3
30	cohnlapata	0.8	0.303030	1.666667	1	2	2	1.000000	1	1	1
30	ilp	0.8	0.969697	4.666667	4	5	5	3.666667	5	3	3
30	sys3	0.8	0.939394	3.000000	4	3	2	3.333333	5	2	3
30	sys4	0.8	0.939394	3.000000	4	3	2	3.333333	5	2	3
31	cohnlapata	0.8	0.750000	2.666667	1	4	3	2.333333	2	2	3
31	ilp	0.8	0.958333	4.666667	5	5	4	5.000000	5	5	5
32	cohnlapata	0.8	0.428571	1.000000	1	1	1	2.666667	4	1	3
32	ilp	0.8	0.928571	2.666667	4	2	2	4.000000	4	4	4
32	neg	0.8	0.5	1.333333	1	1	2	1.000000	1	1	1
33	cohnlapata	0.8	0.727273	2.333333	4	1	2	3.666667	5	4	2
33	ilp	0.8	0.818182	4.666667	5	4	5	5.000000	5	5	5
33	sys1	0.8	0.727273	2.000000	2	2	2	3.666667	4	5	2
33	sys2	0.8	0.818182	4.666667	5	4	5	5.000000	5	5	5
33	sys3	0.8	0.818182	4.000000	5	4	3	3.333333	4	4	2
33	sys4	0.8	0.818182	4.000000	5	4	3	3.333333	4	4	2
34	cohnlapata	0.8	0.307692	2.666667	3	2	3	4.333333	5	3	5
34	ilp	0.8	0.961538	4.333333	4	5	4	4.666667	5	4	5
34	neg	0.8	0.5	2.000000	2	2	2	2.000000	2	2	2
35	ilp	0.8	0.888889	2.333333	1	3	3	2.333333	1	3	3
37	cohnlapata	0.8	0.161290	1.333333	1	2	1	1.333333	1	1	2
37	ilp	0.8	0.870968	2.666667	2	2	4	2.000000	2	2	2
37	neg	0.8	0.5	1.666667	1	2	2	1.000000	1	1	1
37	sys1	0.8	0.903226	4.666667	4	5	5	3.333333	3	3	4
37	sys2	0.8	0.903226	4.666667	4	5	5	3.666667	4	4	3
37	sys3	0.8	0.903226	4.666667	4	5	5	3.333333	3	4	3
37	sys4	0.8	0.903226	4.666667	4	5	5	3.000000	3	3	3
38	cohnlapata	0.8	0.394737	2.000000	2	2	2	1.333333	2	1	1
38	ilp	0.8	0.973684	4.333333	4	4	5	4.000000	3	4	5
38	sys4	0.8	0.973684	4.333333	4	5	4	4.666667	5	4	5
39	cohnlapata	0.8	0.545455	1.333333	1	2	1	1.333333	2	1	1
39	ilp	0.8	0.818182	2.666667	1	3	4	4.000000	5	3	4
39	sys1	0.8	0.863636	3.333333	4	3	3	4.333333	5	3	5
39	sys2	0.8	0.863636	3.333333	4	3	3	3.000000	3	3	3
39	sys3	0.8	0.863636	3.666667	4	3	4	4.333333	5	4	4
39	sys4	0.8	0.863636	3.666667	4	3	4	4.333333	5	4	4
40	ilp	0.8	0.625000	2.000000	2	1	3	1.666667	3	1	1
40	sys1	0.8	0.750000	4.666667	5	5	4	1.666667	3	1	1
40	sys2	0.8	0.750000	2.333333	2	2	3	1.666667	3	1	1
40	sys3	0.8	0.750000	4.333333	4	5	4	2.000000	4	1	1
40	sys4	0.8	0.750000	3.666667	2	5	4	1.333333	2	1	1
41	cohnlapata	0.8	0.357143	1.333333	1	1	2	1.333333	1	1	2
41	ilp	0.8	0.785714	4.000000	4	4	4	4.666667	5	4	5
41	sys1	0.8	0.821429	4.666667	5	4	5	4.000000	4	4	4
41	sys2	0.8	0.821429	4.666667	5	4	5	3.666667	3	4	4
41	sys3	0.8	0.821429	3.000000	3	2	4	2.000000	2	2	2
41	sys4	0.8	0.821429	3.666667	4	2	5	2.666667	3	2	3
42	cohnlapata	0.8	0.448276	1.666667	2	2	1	2.333333	2	2	3
42	ilp	0.8	0.896552	5.000000	5	5	5	4.666667	4	5	5
42	sys1	0.8	0.931034	4.666667	5	4	5	4.666667	4	5	5
42	sys2	0.8	0.931034	4.333333	3	5	5	4.000000	3	5	4
42	sys3	0.8	0.931034	4.333333	5	4	4	4.000000	4	4	4
42	sys4	0.8	0.896552	4.333333	5	4	4	4.333333	3	5	5
43	cohnlapata	0.8	0.459459	1.666667	1	2	2	2.000000	1	2	3
43	ilp	0.8	0.837838	3.666667	3	5	3	2.666667	2	4	2
43	sys1	0.8	0.864865	3.000000	2	3	4	3.000000	2	3	4
43	sys2	0.8	0.891892	4.333333	4	5	4	3.333333	3	5	2
43	sys3	0.8	0.891892	4.000000	3	5	4	3.333333	2	5	3
43	sys4	0.8	0.891892	4.000000	3	5	4	3.333333	2	5	3
44	cohnlapata	0.8	0.071429	1.333333	2	1	1	3.000000	2	5	2
44	ilp	0.8	0.976190	4.000000	3	4	5	3.333333	2	4	4
44	neg	0.8	0.5	1.666667	2	1	2	1.000000	1	1	1
44	sys3	0.8	0.833333	3.666667	4	4	3	3.000000	3	4	2
44	sys4	0.8	0.833333	2.333333	2	2	3	3.333333	4	4	2
46	cohnlapata	0.8	0.428571	1.666667	2	2	1	2.666667	5	2	1
46	ilp	0.8	0.928571	4.666667	5	4	5	5.000000	5	5	5
47	cohnlapata	0.8	0.200000	1.666667	2	1	2	5.000000	5	5	5
47	ilp	0.8	0.900000	3.333333	4	3	3	2.000000	2	2	2
47	sys1	0.8	0.800000	4.333333	5	4	4	2.333333	3	2	2
47	sys2	0.8	0.800000	4.333333	5	4	4	3.333333	5	3	2
47	sys3	0.8	0.800000	4.000000	5	4	3	2.333333	3	2	2
47	sys4	0.8	0.800000	4.000000	5	4	3	2.333333	3	2	2
49	cohnlapata	0.8	0.395349	2.333333	3	1	3	1.666667	2	1	2
49	ilp	0.8	0.953488	3.333333	3	2	5	4.000000	2	5	5
49	sys1	0.8	0.976744	3.333333	3	2	5	4.000000	2	5	5
49	sys2	0.8	0.976744	3.333333	3	2	5	4.000000	2	5	5
49	sys3	0.8	0.976744	3.333333	3	2	5	4.000000	2	5	5
49	sys4	0.8	0.976744	3.666667	4	2	5	4.000000	2	5	5
50	cohnlapata	0.8	0.294118	2.000000	2	3	1	4.000000	5	4	3
50	ilp	0.8	0.941176	4.333333	4	4	5	4.000000	4	4	4
50	sys1	0.8	0.970588	4.333333	5	4	4	4.000000	4	4	4
50	sys2	0.8	0.941176	4.666667	5	4	5	3.333333	3	3	4
51	cohnlapata	0.8	0.916667	3.666667	3	3	5	2.666667	3	3	2
51	ilp	0.8	0.750000	3.333333	2	3	5	3.000000	3	3	3
51	sys1	0.8	0.833333	3.666667	3	3	5	3.000000	3	3	3
51	sys2	0.8	0.833333	3.666667	3	3	5	3.000000	3	3	3
51	sys3	0.8	0.833333	3.666667	3	3	5	3.000000	3	3	3
51	sys4	0.8	0.833333	3.666667	3	3	5	3.000000	3	3	3
52	cohnlapata	0.8	0.487179	2.333333	2	2	3	2.666667	3	2	3
52	ilp	0.8	0.974359	4.000000	4	4	4	4.333333	5	3	5
52	sys3	0.8	0.871795	4.000000	4	4	4	3.000000	3	3	3
52	sys4	0.8	0.871795	3.666667	4	3	4	3.666667	5	3	3
54	cohnlapata	0.8	0.049505	1.333333	1	1	2	1.000000	1	1	1
54	ilp	0.8	0.801980	3.666667	2	5	4	3.666667	3	4	4
54	sys1	0.8	0.811881	3.666667	2	5	4	3.666667	3	4	4
54	sys2	0.8	0.861386	3.666667	2	5	4	3.333333	2	4	4
54	sys3	0.8	0.871287	4.000000	3	5	4	3.333333	2	4	4
54	sys4	0.8	0.881188	4.000000	3	5	4	3.333333	2	4	4
55	cohnlapata	0.8	0.529412	1.333333	2	1	1	1.333333	2	1	1
55	ilp	0.8	0.705882	4.333333	4	4	5	4.666667	5	5	4
55	sys1	0.8	0.764706	3.000000	2	5	2	3.333333	2	4	4
55	sys2	0.8	0.764706	3.000000	2	5	2	3.333333	2	4	4
55	sys3	0.8	0.764706	4.666667	4	5	5	5.000000	5	5	5
55	sys4	0.8	0.764706	4.666667	4	5	5	5.000000	5	5	5
56	cohnlapata	0.8	3.828571	1.000000	1	1	1	1.666667	2	1	2
56	ilp	0.8	0.971429	4.666667	5	4	5	4.000000	5	3	4
56	sys3	0.8	0.914286	5.000000	5	5	5	4.000000	5	4	3
56	sys4	0.8	0.914286	4.666667	5	4	5	5.000000	5	5	5
57	ilp	0.8	0.666667	5.000000	5	5	5	5.000000	5	5	5
57	neg	0.8	0.5	4.333333	4	4	5	4.000000	5	4	3
57	sys1	0.8	0.666667	5.000000	5	5	5	5.000000	5	5	5
57	sys2	0.8	0.666667	5.000000	5	5	5	5.000000	5	5	5
59	cohnlapata	0.8	0.243243	1.000000	1	1	1	1.000000	1	1	1
59	ilp	0.8	0.783784	2.333333	3	3	1	2.333333	2	3	2
59	neg	0.8	0.5	1.666667	2	2	1	1.000000	1	1	1
59	sys1	0.8	0.810811	3.333333	4	4	2	3.333333	2	4	4
59	sys2	0.8	0.810811	3.333333	4	4	2	3.666667	4	3	4
59	sys3	0.8	0.810811	3.000000	4	3	2	4.000000	4	3	5
59	sys4	0.8	0.810811	3.666667	4	3	4	3.000000	2	3	4
60	cohnlapata	0.8	0.112903	1.333333	1	1	2	1.000000	1	1	1
60	ilp	0.8	0.806452	2.333333	1	4	2	2.666667	2	3	3
60	sys1	0.8	0.822581	2.666667	1	4	3	2.000000	2	2	2
60	sys2	0.8	0.854839	2.666667	1	4	3	2.333333	2	3	2
60	sys3	0.8	0.854839	2.666667	1	4	3	2.333333	2	3	2
60	sys4	0.8	0.854839	2.333333	1	3	3	2.000000	2	2	2
61	cohnlapata	0.8	0.615385	1.333333	1	1	2	2.666667	2	3	3
61	ilp	0.8	0.846154	4.666667	5	4	5	5.000000	5	5	5
61	sys1	0.8	0.846154	2.333333	1	4	2	4.666667	5	4	5
61	sys2	0.8	0.846154	1.333333	1	1	2	5.000000	5	5	5
61	sys3	0.8	0.846154	1.333333	1	1	2	5.000000	5	5	5
61	sys4	0.8	0.846154	1.333333	1	1	2	3.000000	3	3	3
62	cohnlapata	0.8	0.457143	1.333333	1	1	2	1.666667	1	2	2
62	ilp	0.8	0.800000	3.333333	3	3	4	4.000000	4	3	5
62	neg	0.8	0.5	2.000000	2	2	2	1.333333	1	2	1
62	sys1	0.8	0.828571	4.333333	4	5	4	3.000000	2	5	2
62	sys2	0.8	0.828571	4.333333	4	5	4	3.333333	3	4	3
62	sys3	0.8	0.828571	4.666667	5	5	4	4.333333	5	5	3
62	sys4	0.8	0.828571	4.000000	3	5	4	3.333333	2	5	3
63	cohnlapata	0.8	0.300000	1.333333	1	1	2	1.333333	1	1	2
63	ilp	0.8	0.750000	2.333333	2	2	3	2.666667	2	2	4
63	sys1	0.8	0.700000	3.000000	3	4	2	2.000000	2	2	2
63	sys2	0.8	0.950000	3.333333	4	4	2	3.666667	4	4	3
63	sys3	0.8	0.950000	4.000000	4	4	4	4.000000	4	4	4
63	sys4	0.8	0.950000	4.000000	5	4	3	4.333333	5	4	4
64	cohnlapata	0.8	0.461538	2.000000	2	1	3	2.000000	1	2	3
64	ilp	0.8	0.846154	4.333333	4	4	5	3.333333	2	3	5
64	sys1	0.8	0.846154	4.666667	5	4	5	5.000000	5	5	5
64	sys2	0.8	0.846154	4.666667	5	4	5	5.000000	5	5	5
64	sys3	0.8	0.846154	3.666667	3	3	5	2.333333	2	2	3
64	sys4	0.8	0.846154	4.000000	4	3	5	3.333333	3	2	5
65	cohnlapata	0.8	0.300000	1.333333	1	1	2	1.000000	1	1	1
65	ilp	0.8	0.950000	4.333333	5	4	4	4.333333	3	5	5
67	cohnlapata	0.8	0.242424	2.333333	2	2	3	4.666667	5	4	5
67	ilp	0.8	0.636364	2.666667	3	2	3	1.000000	-1	1	1
67	sys1	0.8	0.666667	2.666667	3	2	3	2.666667	4	2	2
67	sys2	0.8	0.666667	2.666667	3	2	3	2.333333	3	2	2
67	sys3	0.8	0.666667	3.000000	3	3	3	2.000000	2	2	2
67	sys4	0.8	0.666667	3.333333	4	3	3	2.333333	3	2	2
68	cohnlapata	0.8	0.666667	2.000000	2	2	2	4.333333	4	4	5
68	ilp	0.8	0.500000	1.333333	2	1	1	4.000000	4	3	5
68	sys1	0.8	0.666667	4.000000	4	3	5	4.000000	4	3	5
68	sys2	0.8	0.666667	4.000000	4	3	5	4.000000	4	3	5
68	sys3	0.8	0.833333	3.000000	3	3	3	3.000000	2	3	4
68	sys4	0.8	0.833333	3.000000	3	3	3	3.000000	2	3	4
69	cohnlapata	0.8	0.652174	3.333333	3	4	3	3.666667	5	3	3
69	ilp	0.8	0.956522	3.333333	4	4	2	4.666667	5	5	4
69	neg	0.8	0.5	1.333333	1	2	1	1.000000	1	1	1
69	sys3	0.8	0.913043	3.333333	4	4	2	4.000000	4	4	4
69	sys4	0.8	0.913043	3.333333	4	4	2	4.000000	4	4	4
70	cohnlapata	0.8	0.500000	1.333333	1	2	1	1.666667	1	1	3
70	ilp	0.8	0.588235	2.666667	3	3	2	2.333333	2	2	3
70	sys1	0.8	0.617647	3.666667	3	4	4	3.000000	2	4	3
70	sys2	0.8	0.617647	4.000000	5	4	3	3.666667	5	4	2
70	sys3	0.8	0.676471	4.000000	5	4	3	4.000000	5	3	4
70	sys4	0.8	0.647059	2.666667	2	4	2	2.333333	2	3	2
71	cohnlapata	0.8	0.255814	1.666667	2	2	1	1.666667	2	2	1
71	ilp	0.8	0.976744	4.000000	4	4	4	4.000000	4	4	4
71	sys3	0.8	0.906977	4.000000	4	4	4	3.666667	4	3	4
71	sys4	0.8	0.906977	4.000000	4	4	4	3.666667	4	3	4
72	cohnlapata	0.8	0.479167	2.666667	4	2	2	3.333333	3	3	4
72	ilp	0.8	0.812500	3.666667	4	3	4	3.666667	5	3	3
72	sys1	0.8	0.833333	3.333333	3	3	4	2.333333	2	2	3
72	sys2	0.8	0.791667	3.500000	3	4	-1	2.666667	3	2	3
72	sys3	0.8	0.937500	3.666667	3	4	4	3.666667	4	3	4
72	sys4	0.8	0.937500	3.666667	3	4	4	3.333333	3	4	3
73	cohnlapata	0.8	0.368421	1.500000	1	-1	2	1.500000	1	-1	2
73	ilp	0.8	0.894737	4.000000	4	-1	4	4.000000	4	-1	4
73	sys1	0.8	0.947368	4.500000	5	-1	4	3.500000	4	-1	3
73	sys2	0.8	0.947368	4.500000	5	-1	4	4.000000	5	-1	3
73	sys3	0.8	0.947368	4.500000	5	-1	4	4.500000	5	-1	4
73	sys4	0.8	0.947368	4.500000	5	-1	4	4.500000	5	-1	4
74	cohnlapata	0.8	0.162791	1.000000	1	1	1	1.000000	1	1	1
74	ilp	0.8	0.790698	3.666667	4	4	3	4.666667	5	5	4
74	sys1	0.8	0.813953	4.000000	4	4	4	5.000000	5	5	5
74	sys2	0.8	0.813953	4.000000	4	4	4	5.000000	5	5	5
74	sys3	0.8	0.813953	4.333333	5	4	4	5.000000	5	5	5
74	sys4	0.8	0.813953	4.000000	5	4	3	4.666667	5	5	4
75	cohnlapata	0.8	0.714286	2.666667	2	4	2	2.333333	1	3	3
75	ilp	0.8	0.857143	3.666667	4	4	3	5.000000	5	5	5
76	cohnlapata	0.8	0.368421	1.000000	1	1	1	2.000000	4	1	1
76	ilp	0.8	0.973684	4.333333	4	5	4	4.333333	5	4	4
76	neg	0.8	0.5	1.333333	1	1	2	1.000000	1	1	1
76	sys4	0.8	0.973684	4.333333	4	5	4	4.000000	3	5	4
77	cohnlapata	0.8	0.727273	4.333333	4	5	4	3.000000	3	2	4
77	ilp	0.8	0.818182	4.666667	4	5	5	4.666667	5	5	4
77	sys1	0.8	0.727273	4.000000	3	5	4	3.666667	2	5	4
77	sys2	0.8	0.727273	4.000000	3	5	4	2.666667	3	2	3
77	sys3	0.8	0.727273	4.333333	4	5	4	3.000000	3	2	4
77	sys4	0.8	0.727273	3.666667	3	5	3	4.333333	4	5	4
79	cohnlapata	0.8	0.375000	1.333333	1	1	2	1.333333	1	1	2
79	ilp	0.8	0.812500	2.000000	1	2	3	4.000000	4	4	4
79	neg	0.8	0.5	1.333333	1	1	2	1.000000	1	1	1
79	sys1	0.8	0.875000	4.666667	4	5	5	4.666667	5	4	5
79	sys2	0.8	0.875000	4.666667	4	5	5	4.666667	5	4	5
79	sys3	0.8	0.875000	4.666667	4	5	5	4.666667	5	4	5
79	sys4	0.8	0.875000	4.666667	4	5	5	4.333333	4	4	5
80	cohnlapata	0.8	0.550000	1.333333	1	1	2	2.333333	3	3	1
80	ilp	0.8	0.850000	3.666667	4	4	3	4.333333	5	3	5
80	sys1	0.8	0.900000	4.000000	4	5	3	4.333333	5	3	5
80	sys2	0.8	0.900000	3.666667	3	5	3	4.333333	3	5	5
80	sys3	0.8	0.900000	4.000000	4	5	3	5.000000	5	5	5
80	sys4	0.8	0.900000	3.666667	3	5	3	4.333333	3	5	5
81	cohnlapata	0.8	0.400000	2.333333	3	2	2	2.666667	3	4	1
81	ilp	0.8	0.700000	4.000000	4	3	5	3.333333	5	2	3
81	sys1	0.8	0.750000	4.000000	5	2	5	4.000000	5	2	5
81	sys2	0.8	0.750000	4.000000	5	2	5	3.333333	5	2	3
81	sys3	0.8	0.750000	4.000000	5	3	4	2.666667	4	2	2
81	sys4	0.8	0.750000	4.333333	5	3	5	3.000000	4	2	3
83	cohnlapata	0.8	0.242424	1.000000	1	1	1	1.333333	1	2	1
83	ilp	0.8	0.696970	4.000000	4	4	4	4.666667	4	5	5
83	sys1	0.8	0.727273	4.666667	5	5	4	2.333333	2	3	2
83	sys2	0.8	0.727273	4.666667	5	5	4	3.000000	3	3	3
83	sys3	0.8	0.787879	4.666667	5	5	4	2.666667	3	2	3
83	sys4	0.8	0.757576	4.666667	5	5	4	2.333333	3	2	2
84	cohnlapata	0.8	0.294118	2.000000	1	2	3	1.333333	1	1	2
84	ilp	0.8	0.705882	4.666667	4	5	5	3.666667	1	5	5
84	sys1	0.8	0.764706	3.000000	3	2	4	2.666667	2	3	3
84	sys2	0.8	0.764706	3.000000	3	2	4	2.666667	2	3	3
84	sys3	0.8	0.882353	3.666667	4	5	2	2.333333	3	3	1
84	sys4	0.8	0.882353	3.666667	4	5	2	2.333333	3	3	1
85	cohnlapata	0.8	0.515152	2.000000	2	1	3	2.000000	2	2	2
85	ilp	0.8	0.787879	2.333333	2	2	3	2.333333	2	3	2
85	sys1	0.8	0.818182	2.666667	2	2	4	3.666667	4	2	5
85	sys2	0.8	0.818182	2.666667	2	2	4	3.666667	4	2	5
85	sys3	0.8	0.818182	3.666667	3	3	5	3.000000	3	2	4
85	sys4	0.8	0.818182	3.666667	3	4	4	4.000000	4	3	5
86	cohnlapata	0.8	0.078947	1.000000	1	1	1	1.333333	1	2	1
86	ilp	0.8	0.710526	2.333333	1	3	3	2.333333	1	2	4
86	sys1	0.8	0.736842	3.333333	2	4	4	2.000000	2	1	3
86	sys2	0.8	0.736842	3.000000	3	3	3	2.000000	2	2	2
86	sys3	0.8	0.736842	3.333333	3	3	4	2.666667	3	2	3
86	sys4	0.8	0.736842	3.333333	3	3	4	2.333333	2	2	3
87	cohnlapata	0.8	0.590909	3.333333	4	4	2	2.000000	3	2	1
87	ilp	0.8	0.909091	4.333333	4	5	4	3.000000	2	3	4
87	sys1	0.8	0.863636	5.000000	5	5	5	3.666667	3	4	4
87	sys2	0.8	0.863636	3.666667	3	4	4	3.333333	3	2	5
87	sys3	0.8	0.863636	5.000000	5	5	5	3.666667	3	4	4
87	sys4	0.8	0.863636	4.333333	4	4	5	3.000000	3	2	4
88	cohnlapata	0.8	0.343750	2.333333	2	2	3	1.333333	1	1	2
88	ilp	0.8	0.843750	4.000000	3	4	5	2.666667	1	3	4
88	sys1	0.8	0.875000	4.666667	5	4	5	3.666667	4	3	4
88	sys2	0.8	0.875000	4.333333	4	4	5	4.000000	4	4	4
88	sys3	0.8	0.875000	4.333333	4	4	5	3.666667	4	3	4
88	sys4	0.8	0.875000	4.333333	4	4	5	3.333333	4	2	4
90	cohnlapata	0.8	0.600000	1.666667	2	2	1	1.666667	2	2	1
90	ilp	0.8	0.600000	3.333333	4	4	2	5.000000	5	5	5
90	sys1	0.8	0.800000	3.333333	4	4	2	2.666667	3	4	1
90	sys2	0.8	0.800000	3.666667	4	4	3	2.333333	2	3	2
90	sys3	0.8	0.800000	3.333333	4	4	2	2.666667	3	4	1
90	sys4	0.8	0.800000	3.333333	4	4	2	2.333333	3	3	1
91	cohnlapata	0.8	0.521739	2.000000	3	2	1	1.666667	2	2	1
91	ilp	0.8	0.826087	2.666667	3	3	2	3.333333	3	4	3
91	sys1	0.8	0.869565	5.000000	5	5	5	3.666667	3	3	5
91	sys2	0.8	0.869565	5.000000	5	5	5	3.666667	3	3	5
91	sys3	0.8	0.869565	5.000000	5	5	5	3.666667	3	3	5
91	sys4	0.8	0.869565	5.000000	5	5	5	3.666667	3	3	5
92	cohnlapata	0.8	0.636364	3.000000	1	5	3	2.666667	1	5	2
92	ilp	0.8	0.909091	4.666667	4	5	5	4.333333	5	3	5
92	neg	0.8	0.5	2.666667	2	2	4	1.666667	1	1	3
92	sys1	0.8	0.909091	4.666667	4	5	5	4.333333	5	3	5
92	sys2	0.8	0.909091	4.333333	3	5	5	4.333333	5	3	5
92	sys3	0.8	0.909091	4.333333	3	5	5	4.333333	5	3	5
92	sys4	0.8	0.909091	4.333333	3	5	5	4.333333	5	3	5
93	cohnlapata	0.8	0.454545	1.333333	1	1	2	1.333333	1	1	2
93	ilp	0.8	0.969697	4.000000	4	4	4	4.666667	5	4	5
94	cohnlapata	0.8	0.233010	1.333333	1	1	2	2.666667	2	2	4
94	ilp	0.8	0.718447	4.333333	5	5	3	4.000000	5	5	2
94	sys1	0.8	0.728155	4.333333	5	5	3	4.000000	5	5	2
94	sys2	0.8	0.747573	3.666667	4	4	3	2.666667	2	4	2
94	sys3	0.8	0.893204	3.666667	3	5	3	4.000000	4	4	4
94	sys4	0.8	0.825243	3.000000	3	3	3	2.666667	4	2	2
95	cohnlapata	0.8	0.250000	2.333333	2	3	2	5.000000	5	5	5
95	ilp	0.8	0.928571	3.333333	3	3	4	2.666667	1	3	4
95	sys1	0.8	0.964286	4.666667	5	4	5	4.333333	4	5	4
95	sys2	0.8	0.964286	5.000000	5	5	5	4.666667	4	5	5
95	sys3	0.8	0.964286	5.000000	5	5	5	4.666667	4	5	5
95	sys4	0.8	0.964286	5.000000	5	5	5	4.666667	4	5	5
97	cohnlapata	0.8	0.294118	1.333333	1	1	2	1.000000	1	1	1
97	ilp	0.8	0.617647	3.000000	3	3	3	2.333333	2	3	2
97	sys1	0.8	0.647059	4.333333	4	5	4	2.666667	3	3	2
97	sys2	0.8	0.647059	4.000000	4	4	4	4.000000	4	5	3
97	sys3	0.8	0.705882	4.333333	4	5	4	3.000000	2	5	2
97	sys4	0.8	0.647059	4.000000	4	4	4	2.333333	2	3	2
98	cohnlapata	0.8	0.196721	1.333333	1	2	1	1.000000	1	1	1
98	ilp	0.8	0.885246	4.000000	4	3	5	3.333333	3	3	4
98	sys1	0.8	0.901639	4.000000	4	3	5	3.333333	3	3	4
98	sys2	0.8	0.901639	4.333333	3	5	5	2.666667	2	2	4
98	sys3	0.8	0.901639	4.333333	4	4	5	4.000000	3	5	4
98	sys4	0.8	0.901639	4.666667	5	4	5	3.666667	4	3	4
99	cohnlapata	0.8	0.395349	1.500000	2	1	-1	1.500000	2	1	-1
99	ilp	0.8	0.720930	3.000000	4	2	-1	2.500000	3	2	-1
99	sys1	0.8	0.744186	4.500000	4	5	-1	4.000000	3	5	-1
99	sys2	0.8	0.790698	2.000000	3	1	-1	1.500000	2	1	-1
99	sys3	0.8	0.837209	2.500000	4	1	-1	1.500000	2	1	-1
99	sys4	0.8	0.837209	4.500000	4	5	-1	3.500000	2	5	-1
100	cohnlapata	0.8	0.530612	1.666667	1	3	1	3.000000	3	5	1
100	ilp	0.8	0.877551	4.000000	5	4	3	3.333333	3	5	2
100	sys1	0.8	0.897959	4.333333	5	4	4	4.666667	5	5	4
100	sys2	0.8	0.897959	4.666667	5	4	5	4.333333	3	5	5
100	sys3	0.8	0.897959	3.000000	1	4	4	4.666667	4	5	5
100	sys4	0.8	0.897959	4.333333	5	4	4	5.000000	5	5	5
101	cohnlapata	0.8	0.111111	1.000000	1	1	1	1.000000	1	1	1
101	ilp	0.8	0.666667	1.333333	1	2	1	1.333333	2	1	1
101	sys1	0.8	0.703704	2.666667	2	3	3	1.666667	1	1	3
101	sys2	0.8	0.703704	2.666667	2	3	3	1.666667	1	1	3
101	sys3	0.8	0.703704	3.666667	2	5	4	4.333333	4	5	4
101	sys4	0.8	0.703704	3.333333	2	4	4	4.333333	5	4	4
102	cohnlapata	0.8	0.375000	1.666667	2	1	2	1.666667	2	1	2
102	ilp	0.8	0.666667	3.333333	3	3	4	3.000000	3	3	3
102	neg	0.8	0.5	1.333333	2	1	1	1.666667	2	1	2
102	sys1	0.8	0.666667	3.333333	3	3	4	2.666667	2	2	4
102	sys2	0.8	0.666667	4.000000	5	4	3	2.666667	2	4	2
102	sys3	0.8	0.666667	3.666667	4	4	3	2.666667	3	2	3
102	sys4	0.8	0.666667	4.333333	4	4	5	3.666667	3	4	4
103	cohnlapata	0.8	0.629630	2.000000	2	3	1	1.333333	1	2	1
103	ilp	0.8	0.814815	4.666667	5	5	4	4.666667	4	5	5
103	neg	0.8	0.5	1.333333	2	1	1	1.333333	1	2	1
103	sys1	0.8	0.851852	4.666667	5	5	4	3.666667	3	3	5
103	sys2	0.8	0.851852	4.666667	5	5	4	4.666667	5	4	5
103	sys3	0.8	0.851852	4.666667	5	5	4	5.000000	5	5	5
103	sys4	0.8	0.851852	4.666667	5	5	4	5.000000	5	5	5
104	cohnlapata	0.8	0.190476	1.000000	1	1	1	1.000000	1	1	1
104	ilp	0.8	0.809524	3.333333	3	4	3	2.333333	2	3	2
104	neg	0.8	0.5	1.333333	1	2	1	1.666667	1	3	1
104	sys1	0.8	0.833333	4.666667	5	5	4	4.000000	5	5	2
104	sys2	0.8	0.809524	4.666667	5	5	4	3.666667	4	5	2
104	sys3	0.8	0.833333	4.000000	5	4	3	3.333333	4	5	1
104	sys4	0.8	0.833333	4.000000	5	4	3	3.333333	4	5	1
105	cohnlapata	0.8	0.333333	3.000000	3	4	2	2.666667	2	3	3
105	ilp	0.8	0.777778	4.000000	4	4	4	4.333333	3	5	5
105	sys1	0.8	0.814815	4.500000	4	5	-1	4.333333	4	4	5
105	sys2	0.8	0.814815	4.000000	5	5	2	3.666667	5	4	2
105	sys3	0.8	0.814815	4.000000	5	5	2	3.666667	5	4	2
105	sys4	0.8	0.814815	4.666667	5	5	4	4.000000	5	3	4
106	ilp	0.8	0.888889	4.333333	5	4	4	5.000000	5	5	5
106	sys1	0.8	0.777778	5.000000	5	5	5	5.000000	5	5	5
106	sys2	0.8	0.777778	5.000000	5	5	5	5.000000	5	5	5
106	sys3	0.8	0.777778	5.000000	5	5	5	5.000000	5	5	5
106	sys4	0.8	0.777778	5.000000	5	5	5	5.000000	5	5	5
107	cohnlapata	0.8	0.478261	3.000000	2	3	4	3.666667	5	2	4
107	ilp	0.8	0.913043	3.666667	3	4	4	4.666667	4	5	5
107	sys1	0.8	0.956522	4.333333	3	5	5	4.333333	5	3	5
107	sys2	0.8	0.956522	4.000000	3	5	4	3.500000	3	4	-1
107	sys3	0.8	0.956522	4.000000	3	5	4	5.000000	5	5	5
107	sys4	0.8	0.956522	4.000000	3	5	4	4.000000	3	4	5
108	ilp	0.8	0.800000	1.666667	3	1	1	3.000000	3	1	5
108	sys1	0.8	0.900000	1.666667	3	1	1	3.000000	3	1	5
108	sys2	0.8	0.900000	1.666667	3	1	1	3.000000	3	1	5
108	sys3	0.8	0.900000	1.666667	3	1	1	3.000000	3	1	5
108	sys4	0.8	0.900000	1.666667	3	1	1	3.333333	4	1	5
110	cohnlapata	0.8	0.215686	1.000000	1	1	1	1.000000	1	1	1
110	ilp	0.8	0.666667	3.000000	3	3	3	1.666667	2	2	1
110	sys1	0.8	0.686275	3.333333	4	3	3	2.000000	2	2	2
110	sys2	0.8	0.705882	3.000000	4	2	3	2.000000	2	2	2
110	sys3	0.8	0.705882	2.666667	3	3	2	2.000000	2	2	2
110	sys4	0.8	0.705882	2.666667	3	2	3	2.000000	2	3	1
111	cohnlapata	0.8	0.652174	3.000000	2	3	4	2.000000	2	2	2
111	ilp	0.8	0.739130	2.000000	2	1	3	1.333333	2	1	1
111	sys1	0.8	0.782609	5.000000	5	5	5	2.666667	2	3	3
111	sys2	0.8	0.782609	4.000000	2	5	5	2.333333	2	3	2
111	sys3	0.8	0.782609	5.000000	5	5	5	4.000000	2	5	5
111	sys4	0.8	0.782609	5.000000	5	5	5	4.000000	2	5	5
112	cohnlapata	0.8	0.705882	4.000000	3	5	4	3.333333	3	4	3
112	ilp	0.8	0.941176	4.333333	4	5	4	4.666667	4	5	5
113	cohnlapata	0.8	0.409091	1.333333	2	1	1	1.333333	2	1	1
113	ilp	0.8	0.590909	1.666667	2	2	1	1.666667	2	2	1
113	sys1	0.8	0.636364	2.666667	3	2	3	2.333333	3	3	1
113	sys2	0.8	0.636364	3.333333	4	3	3	1.666667	2	2	1
113	sys3	0.8	0.636364	2.333333	2	2	3	1.666667	2	2	1
113	sys4	0.8	0.636364	2.333333	2	2	3	1.666667	2	2	1
114	cohnlapata	0.8	0.550000	2.666667	2	2	4	3.000000	2	2	5
114	ilp	0.8	0.950000	3.666667	5	4	2	4.000000	5	5	2
114	sys3	0.8	0.750000	4.000000	5	4	3	4.333333	5	5	3
114	sys4	0.8	0.750000	4.000000	4	4	4	4.000000	3	4	5
116	cohnlapata	0.8	0.666667	1.333333	1	2	1	1.666667	1	3	1
116	ilp	0.8	0.875000	5.000000	5	5	5	4.666667	4	5	5
116	sys1	0.8	0.875000	1.333333	1	2	1	5.000000	5	5	5
116	sys2	0.8	0.875000	1.333333	1	2	1	5.000000	5	5	5
116	sys3	0.8	0.875000	4.666667	5	5	4	4.333333	3	5	5
116	sys4	0.8	0.875000	4.666667	5	5	4	4.333333	3	5	5
117	cohnlapata	0.8	0.153846	3.000000	4	-1	2	3.500000	5	-1	2
117	ilp	0.8	0.974359	4.000000	5	-1	3	3.500000	4	-1	3
117	neg	0.8	0.5	1.500000	1	-1	2	1.500000	1	-1	2
117	sys3	0.8	0.871795	4.500000	5	-1	4	3.500000	4	-1	3
117	sys4	0.8	0.871795	4.000000	5	-1	3	4.000000	4	-1	4
118	cohnlapata	0.8	0.161290	1.000000	1	1	1	1.000000	1	1	1
118	ilp	0.8	0.967742	4.333333	4	5	4	3.666667	3	5	3
118	sys3	0.8	0.967742	4.666667	4	5	5	4.333333	3	5	5
118	sys4	0.8	0.935484	4.333333	4	5	4	3.666667	3	5	3
119	cohnlapata	0.8	0.431818	1.333333	1	1	2	1.333333	1	1	2
119	ilp	0.8	0.977273	4.333333	4	4	5	4.333333	4	5	4
119	sys3	0.8	0.863636	3.333333	3	2	5	2.666667	4	1	3
119	sys4	0.8	0.863636	4.000000	3	4	5	3.000000	2	3	4
120	cohnlapata	0.8	0.615385	1.333333	2	1	1	1.666667	3	1	1
120	ilp	0.8	0.846154	2.333333	3	2	2	3.000000	3	2	4
120	neg	0.8	0.5	1.333333	2	1	1	3.000000	3	1	5
120	sys1	0.8	0.923077	3.333333	4	3	3	5.000000	5	5	5
120	sys2	0.8	0.846154	3.666667	3	4	4	3.666667	5	2	4
120	sys3	0.8	0.923077	3.333333	3	4	3	5.000000	5	5	5
120	sys4	0.8	0.923077	4.000000	5	4	3	5.000000	5	5	5
122	cohnlapata	0.8	0.028571	1.000000	1	1	1	3.000000	5	3	1
122	ilp	0.8	0.971429	3.333333	2	4	4	3.666667	4	4	3
122	sys3	0.8	0.971429	3.000000	1	3	5	4.333333	4	4	5
122	sys4	0.8	0.971429	3.000000	1	3	5	4.333333	4	4	5
123	cohnlapata	0.8	0.235294	2.666667	3	2	3	3.333333	3	2	5
123	ilp	0.8	0.980392	3.666667	5	2	4	3.666667	3	4	4
123	sys3	0.8	0.980392	3.333333	5	2	3	4.000000	5	4	3
123	sys4	0.8	0.941176	3.333333	5	2	3	4.000000	5	4	3
124	cohnlapata	0.8	0.056604	1.000000	1	-1	1	1.000000	1	-1	1
124	ilp	0.8	0.905660	3.333333	3	4	3	5.000000	5	5	5
124	sys1	0.8	0.924528	4.333333	5	4	4	3.666667	5	3	3
124	sys2	0.8	0.924528	4.000000	4	4	4	3.333333	4	3	3
124	sys3	0.8	0.924528	4.000000	4	4	4	3.333333	3	3	4
124	sys4	0.8	0.905660	3.333333	2	4	4	4.000000	4	3	5
125	cohnlapata	0.8	0.600000	3.666667	3	4	4	3.666667	4	3	4
125	ilp	0.8	0.800000	4.333333	4	4	5	3.333333	3	4	3
125	sys1	0.8	0.733333	4.000000	4	3	5	3.000000	3	3	3
125	sys2	0.8	0.733333	4.333333	4	4	5	3.666667	4	4	3
125	sys3	0.8	0.733333	4.666667	5	4	5	5.000000	5	5	5
125	sys4	0.8	0.733333	4.666667	5	4	5	5.000000	5	5	5
126	cohnlapata	0.8	0.230769	1.333333	2	1	1	1.333333	2	1	1
126	ilp	0.8	0.961538	2.333333	4	1	2	4.000000	4	3	5
127	cohnlapata	0.8	0.161290	2.333333	2	2	3	2.000000	2	2	2
127	ilp	0.8	0.983871	3.666667	3	5	3	3.666667	5	3	3
127	sys3	0.8	0.887097	4.000000	3	4	5	4.333333	5	3	5
127	sys4	0.8	0.887097	4.333333	3	5	5	4.333333	5	3	5
128	cohnlapata	0.8	0.120000	1.000000	1	1	1	2.000000	4	1	1
128	ilp	0.8	0.760000	3.000000	4	3	2	1.666667	2	1	2
128	sys1	0.8	0.800000	3.000000	4	2	3	1.666667	2	1	2
128	sys2	0.8	0.800000	2.666667	3	2	3	2.000000	2	1	3
128	sys3	0.8	0.800000	3.666667	4	3	4	3.666667	3	3	5
128	sys4	0.8	0.800000	3.666667	4	3	4	3.333333	3	4	3
129	cohnlapata	0.8	0.230769	1.000000	1	1	1	1.000000	1	1	1
129	ilp	0.8	0.923077	3.666667	4	2	5	3.333333	3	4	3
130	ilp	0.8	0.750000	4.666667	4	5	5	3.666667	1	5	5
131	cohnlapata	0.8	0.280000	2.000000	2	2	2	3.000000	3	3	3
131	ilp	0.8	0.800000	4.333333	5	4	4	4.333333	4	4	5
131	neg	0.8	0.5	1.666667	2	1	2	1.000000	1	1	1
131	sys1	0.8	0.840000	3.333333	4	3	3	3.000000	3	3	3
131	sys2	0.8	0.840000	3.666667	4	3	4	3.333333	3	4	3
131	sys3	0.8	0.840000	3.666667	4	3	4	4.000000	3	4	5
131	sys4	0.8	0.840000	3.666667	4	3	4	4.000000	3	4	5
133	cohnlapata	0.8	0.866667	3.333333	4	3	3	3.333333	3	3	4
133	ilp	0.8	0.733333	3.666667	4	4	3	3.666667	4	4	3
133	sys1	0.8	0.800000	4.000000	5	3	4	4.000000	3	4	5
133	sys2	0.8	0.800000	4.000000	4	4	4	4.333333	4	4	5
133	sys3	0.8	0.800000	4.333333	5	4	4	4.333333	4	4	5
133	sys4	0.8	0.800000	4.333333	5	4	4	4.333333	4	4	5
134	cohnlapata	0.8	0.154930	2.000000	1	2	3	3.000000	3	1	5
134	ilp	0.8	0.985915	3.666667	4	4	3	2.666667	4	2	2
134	neg	0.8	0.5	1.666667	1	2	2	1.333333	2	1	1
134	sys3	0.8	0.845070	3.666667	4	4	3	2.333333	3	2	2
134	sys4	0.8	0.845070	3.666667	4	4	3	2.666667	4	2	2
135	cohnlapata	0.8	0.888889	4.333333	4	4	5	2.666667	3	2	3
135	ilp	0.8	0.666667	3.333333	4	3	3	3.666667	4	2	5
135	sys1	0.8	0.722222	3.333333	4	4	2	3.333333	4	3	3
135	sys2	0.8	0.722222	2.666667	3	3	2	3.000000	3	3	3
135	sys3	0.8	0.722222	4.333333	4	5	4	5.000000	5	5	5
135	sys4	0.8	0.722222	4.333333	4	5	4	4.666667	4	5	5
136	cohnlapata	0.8	0.187500	1.333333	2	1	1	3.333333	3	2	5
136	ilp	0.8	0.750000	3.000000	3	3	3	3.000000	4	1	4
136	sys1	0.8	0.770833	3.333333	3	2	5	3.333333	3	3	4
136	sys2	0.8	0.770833	3.000000	3	2	4	3.333333	4	2	4
136	sys3	0.8	0.791667	3.000000	2	2	5	2.333333	3	2	2
136	sys4	0.8	0.770833	4.500000	-1	4	5	3.500000	-1	3	4
137	cohnlapata	0.8	0.600000	2.000000	2	1	3	2.000000	2	2	2
138	cohnlapata	0.8	0.620690	3.333333	4	3	3	2.333333	3	2	2
138	ilp	0.8	0.793103	3.000000	4	3	2	4.000000	5	2	5
138	sys1	0.8	0.827586	4.000000	4	3	5	3.000000	4	2	3
138	sys2	0.8	0.862069	4.333333	4	4	5	3.000000	4	2	3
138	sys3	0.8	0.862069	4.666667	5	4	5	4.333333	5	3	5
138	sys4	0.8	0.862069	4.666667	5	4	5	4.333333	5	3	5
139	cohnlapata	0.8	0.100000	1.333333	1	1	2	1.000000	1	1	1
139	ilp	0.8	0.720000	3.000000	4	2	3	4.000000	4	4	4
139	sys1	0.8	0.740000	2.666667	2	3	3	3.000000	2	5	2
139	sys2	0.8	0.740000	3.000000	2	4	3	2.666667	3	3	2
139	sys3	0.8	0.820000	4.000000	3	5	4	2.666667	3	3	2
139	sys4	0.8	0.780000	3.000000	2	3	4	3.000000	4	3	2
140	cohnlapata	0.8	0.173913	1.000000	1	1	1	1.000000	1	1	1
140	ilp	0.8	0.913043	5.000000	5	5	5	4.333333	5	4	4
140	sys1	0.8	0.869565	3.666667	4	5	2	3.000000	4	2	3
140	sys2	0.8	0.869565	3.666667	4	5	2	4.000000	4	4	4
140	sys3	0.8	0.869565	4.666667	4	5	5	4.333333	5	4	4
140	sys4	0.8	0.869565	4.666667	4	5	5	2.666667	2	2	4
141	cohnlapata	0.8	0.095238	1.000000	1	1	1	2.333333	1	3	3
141	ilp	0.8	0.666667	4.000000	4	4	4	4.333333	4	4	5
141	neg	0.8	0.5	1.666667	1	2	2	1.333333	1	1	2
141	sys1	0.8	0.714286	2.666667	1	3	4	2.333333	2	3	2
141	sys2	0.8	0.714286	3.000000	2	3	4	1.666667	1	2	2
141	sys3	0.8	0.714286	3.000000	2	3	4	2.000000	1	3	2
141	sys4	0.8	0.714286	3.000000	2	4	3	2.000000	2	2	2
142	cohnlapata	0.8	0.433962	1.666667	1	2	2	1.333333	1	1	2
142	ilp	0.8	0.981132	4.333333	4	4	5	4.333333	5	4	4
142	sys3	0.8	0.943396	4.666667	4	5	5	4.333333	5	4	4
142	sys4	0.8	0.924528	4.333333	4	4	5	4.666667	5	5	4
143	cohnlapata	0.8	0.344828	2.000000	2	2	2	3.000000	5	2	2
143	ilp	0.8	0.965517	3.333333	3	4	3	4.000000	5	5	2
143	sys3	0.8	0.896552	3.333333	3	4	3	4.000000	5	4	3
143	sys4	0.8	0.896552	3.333333	3	4	3	4.000000	5	4	3
145	cohnlapata	0.8	0.212121	1.000000	1	1	1	2.666667	4	1	3
145	ilp	0.8	0.969697	4.666667	5	5	4	4.666667	5	5	4
145	sys3	0.8	0.878788	4.000000	4	4	4	4.666667	5	5	4
145	sys4	0.8	0.878788	4.000000	4	4	4	3.333333	5	3	2
146	cohnlapata	0.8	0.600000	3.000000	3	2	4	3.666667	3	3	5
146	ilp	0.8	0.866667	3.333333	3	3	4	4.333333	4	4	5
146	neg	0.8	0.5	3.000000	3	2	4	2.000000	2	2	2
146	sys1	0.8	0.800000	5.000000	5	5	5	5.000000	5	5	5
146	sys2	0.8	0.800000	5.000000	5	5	5	5.000000	5	5	5
146	sys3	0.8	0.800000	5.000000	5	5	5	4.333333	4	4	5
146	sys4	0.8	0.800000	5.000000	5	5	5	4.333333	4	4	5
147	cohnlapata	0.8	0.400000	1.333333	2	1	1	1.333333	2	1	1
147	ilp	0.8	0.933333	3.333333	4	3	3	2.666667	3	2	3
148	cohnlapata	0.8	0.392857	1.666667	1	3	1	1.333333	1	2	1
148	ilp	0.8	0.785714	5.000000	5	5	5	4.000000	2	5	5
148	sys1	0.8	0.821429	4.000000	4	4	4	3.000000	3	3	3
148	sys2	0.8	0.821429	5.000000	5	5	5	4.000000	2	5	5
148	sys3	0.8	0.821429	4.666667	5	5	4	4.333333	4	5	4
148	sys4	0.8	0.821429	4.333333	5	5	3	4.666667	5	5	4
149	cohnlapata	0.8	0.500000	1.666667	1	1	3	3.666667	4	4	3
149	ilp	0.8	0.750000	4.333333	4	4	5	4.666667	4	5	5
149	sys1	0.8	0.750000	2.333333	4	2	1	3.333333	4	3	3
150	cohnlapata	0.8	0.484848	2.666667	3	3	2	2.333333	4	2	1
150	ilp	0.8	0.969697	5.000000	5	5	5	4.333333	5	4	4
151	cohnlapata	0.8	0.260000	3.000000	2	3	4	2.666667	2	4	2
151	ilp	0.8	0.780000	4.333333	4	4	5	2.666667	2	4	2
151	sys1	0.8	0.800000	2.666667	2	4	2	1.666667	2	1	2
151	sys2	0.8	0.840000	4.000000	4	3	5	2.666667	2	3	3
151	sys3	0.8	0.840000	4.333333	4	5	4	2.666667	3	3	2
151	sys4	0.8	0.840000	3.000000	3	4	2	1.666667	2	2	1
152	cohnlapata	0.8	0.863636	3.333333	3	3	4	4.000000	5	3	4
152	ilp	0.8	0.909091	3.333333	3	3	4	4.333333	4	5	4
152	sys1	0.8	0.954545	3.000000	3	4	2	4.000000	4	3	5
152	sys2	0.8	0.954545	3.000000	3	4	2	4.000000	4	3	5
152	sys3	0.8	0.954545	3.000000	3	4	2	4.000000	4	3	5
152	sys4	0.8	0.954545	3.000000	3	4	2	4.000000	4	3	5
153	cohnlapata	0.8	0.709677	4.000000	4	4	4	2.333333	2	2	3
153	ilp	0.8	0.967742	5.000000	5	5	5	3.666667	3	4	4
154	cohnlapata	0.8	0.311111	1.333333	1	2	1	1.000000	1	1	1
154	ilp	0.8	0.888889	2.333333	2	3	2	3.333333	3	4	3
154	neg	0.8	0.5	1.333333	1	2	1	1.000000	1	1	1
154	sys1	0.8	0.911111	4.333333	4	4	5	2.666667	3	2	3
154	sys2	0.8	0.866667	4.333333	5	4	4	3.333333	5	2	3
154	sys3	0.8	0.977778	4.666667	4	5	5	3.666667	5	3	3
154	sys4	0.8	0.977778	4.333333	4	5	4	4.000000	5	3	4
156	cohnlapata	0.8	0.714286	2.666667	4	2	2	2.666667	3	3	2
157	cohnlapata	0.8	0.607143	1.000000	1	1	1	1.333333	2	1	1
157	ilp	0.8	0.964286	2.666667	3	3	2	3.000000	4	2	3
157	sys3	0.8	0.964286	2.666667	3	3	2	2.333333	3	2	2
157	sys4	0.8	0.964286	2.666667	3	3	2	3.000000	4	2	3
158	cohnlapata	0.8	0.379310	1.333333	2	1	1	1.333333	2	1	1
158	ilp	0.8	0.758621	3.333333	3	4	3	3.666667	4	4	3
158	sys1	0.8	0.724138	4.333333	4	5	4	3.000000	4	2	3
158	sys2	0.8	0.758621	4.000000	4	4	4	3.666667	4	2	5
158	sys3	0.8	0.724138	4.333333	4	5	4	3.000000	4	2	3
158	sys4	0.8	0.724138	4.333333	4	5	4	3.333333	3	3	4
159	neg	0.8	0.5	2.666667	3	4	1	4.333333	4	4	5
160	ilp	0.8	0.600000	4.000000	4	4	4	4.666667	5	5	4
160	sys1	0.8	0.700000	3.333333	4	3	3	4.333333	5	3	5
161	cohnlapata	0.8	0.428571	1.000000	1	1	1	1.666667	3	1	1
161	ilp	0.8	0.952381	3.666667	4	5	2	3.333333	4	3	3
161	neg	0.8	0.5	1.333333	2	1	1	2.333333	1	5	1
161	sys3	0.8	0.809524	1.666667	2	1	2	1.666667	2	2	1
161	sys4	0.8	0.809524	3.000000	3	4	2	3.666667	5	3	3
163	cohnlapata	0.8	0.312500	1.333333	1	2	1	2.333333	1	2	4
163	sys1	0.8	0.937500	2.000000	2	2	2	3.333333	4	2	4
163	sys2	0.8	0.937500	2.666667	2	4	2	3.000000	4	2	3
163	sys3	0.8	0.937500	2.000000	2	2	2	2.333333	3	2	2
163	sys4	0.8	0.937500	2.333333	2	3	2	4.000000	4	5	3
165	cohnlapata	0.8	0.411765	2.333333	2	2	3	3.666667	5	1	5
165	ilp	0.8	0.941176	4.000000	4	4	4	3.666667	3	3	5
165	neg	0.8	0.5	1.666667	2	1	2	1.666667	1	1	3
165	sys3	0.8	0.823529	4.000000	4	4	4	5.000000	5	5	5
165	sys4	0.8	0.823529	4.000000	4	4	4	5.000000	5	5	5
166	cohnlapata	0.8	0.750000	2.333333	2	3	2	3.666667	1	5	5
166	ilp	0.8	0.875000	3.666667	4	3	4	3.666667	1	5	5
167	cohnlapata	0.8	0.777778	4.333333	5	4	4	3.666667	4	4	3
167	sys1	0.8	0.888889	4.666667	5	5	4	4.666667	5	4	5
167	sys2	0.8	0.888889	4.666667	5	5	4	4.333333	5	5	3
167	sys3	0.8	0.888889	4.666667	5	5	4	4.666667	5	4	5
167	sys4	0.8	0.888889	4.666667	5	5	4	4.666667	5	4	5
168	cohnlapata	0.8	0.111111	2.333333	2	2	3	5.000000	5	5	5
168	ilp	0.8	0.800000	3.666667	4	3	4	4.333333	4	4	5
168	sys1	0.8	0.822222	4.333333	4	4	5	4.000000	4	4	4
168	sys2	0.8	0.822222	4.333333	4	4	5	3.666667	3	4	4
168	sys3	0.8	0.822222	4.333333	4	4	5	3.666667	4	2	5
168	sys4	0.8	0.822222	4.333333	4	4	5	3.666667	4	2	5
169	ilp	0.8	0.666667	3.000000	2	4	3	5.000000	5	5	5
169	sys1	0.8	0.777778	2.666667	1	4	3	3.666667	5	5	1
169	sys2	0.8	0.888889	2.666667	1	4	3	5.000000	5	5	5
169	sys3	0.8	0.888889	2.666667	1	4	3	5.000000	5	5	5
169	sys4	0.8	0.888889	2.666667	1	4	3	5.000000	5	5	5
170	cohnlapata	0.8	0.500000	3.000000	3	2	4	2.000000	1	2	3
170	ilp	0.8	0.672414	3.333333	4	2	4	2.666667	2	1	5
170	sys1	0.8	0.689655	3.666667	5	3	3	3.666667	4	2	5
170	sys2	0.8	0.793103	4.333333	5	4	4	4.333333	4	4	5
170	sys3	0.8	0.810345	4.000000	5	4	3	4.333333	4	4	5
170	sys4	0.8	0.810345	3.666667	5	3	3	3.666667	4	2	5
172	cohnlapata	0.8	0.769231	4.333333	4	4	5	5.000000	5	5	5
172	ilp	0.8	0.615385	1.333333	1	2	1	4.333333	3	5	5
172	neg	0.8	0.5	1.333333	1	2	1	1.666667	1	1	3
172	sys1	0.8	0.692308	1.666667	2	2	1	3.000000	2	2	5
172	sys2	0.8	0.692308	1.333333	1	2	1	2.666667	2	3	3
172	sys3	0.8	0.692308	1.666667	2	2	1	3.666667	3	3	5
172	sys4	0.8	0.692308	1.666667	2	2	1	3.666667	3	3	5
173	cohnlapata	0.8	0.400000	2.666667	2	3	3	3.000000	1	3	5
173	ilp	0.8	0.900000	3.666667	3	4	4	3.666667	3	3	5
173	sys1	0.8	0.800000	1.666667	1	1	3	3.666667	3	3	5
173	sys3	0.8	0.700000	5.000000	5	5	5	3.000000	1	3	5
173	sys4	0.8	0.700000	5.000000	5	5	5	3.000000	1	3	5
174	cohnlapata	0.8	0.666667	2.666667	2	2	4	2.333333	3	2	2
174	ilp	0.8	0.952381	4.000000	3	4	5	4.000000	4	3	5
175	cohnlapata	0.8	0.666667	2.666667	1	2	5	3.333333	3	2	5
176	cohnlapata	0.8	0.075269	1.333333	2	1	1	1.333333	2	1	1
176	ilp	0.8	0.989247	4.666667	5	5	4	4.000000	4	4	4
176	sys3	0.8	0.924731	3.666667	3	4	4	3.666667	4	3	4
176	sys4	0.8	0.924731	3.666667	3	4	4	4.000000	4	4	4
177	cohnlapata	0.8	0.578947	2.666667	3	2	3	2.000000	2	3	1
177	ilp	0.8	0.947368	3.666667	4	4	3	4.333333	5	5	3
178	cohnlapata	0.8	0.361111	2.000000	2	2	2	1.333333	2	1	1
178	ilp	0.8	0.861111	4.333333	5	4	4	4.333333	4	5	4
178	sys1	0.8	0.888889	4.333333	5	4	4	4.000000	3	4	5
178	sys2	0.8	0.888889	4.666667	5	5	4	4.333333	4	5	4
178	sys3	0.8	0.888889	5.000000	5	5	5	5.000000	5	5	5
178	sys4	0.8	0.888889	3.666667	3	4	4	3.333333	2	4	4
179	cohnlapata	0.8	0.611111	3.500000	4	3	-1	4.000000	3	5	-1
179	ilp	0.8	0.833333	4.000000	5	3	-1	3.000000	3	3	-1
179	sys1	0.8	0.888889	4.500000	5	4	-1	3.500000	3	4	-1
179	sys2	0.8	0.888889	4.000000	5	3	-1	4.000000	4	4	-1
179	sys3	0.8	0.888889	4.000000	5	3	-1	4.000000	4	4	-1
179	sys4	0.8	0.888889	4.500000	5	4	-1	3.000000	3	3	-1
180	cohnlapata	0.8	0.272727	1.666667	2	1	2	4.333333	5	3	5
180	ilp	0.8	0.696970	3.333333	3	3	4	2.333333	2	2	3
180	sys1	0.8	0.666667	3.666667	4	3	4	4.000000	4	3	5
180	sys2	0.8	0.666667	4.000000	4	3	5	3.333333	3	2	5
180	sys3	0.8	0.666667	4.666667	5	4	5	3.000000	3	3	3
180	sys4	0.8	0.666667	4.666667	5	4	5	3.000000	3	3	3
182	cohnlapata	0.8	0.378378	2.000000	1	1	4	3.000000	3	1	5
182	ilp	0.8	0.837838	2.000000	-1	1	3	2.000000	-1	1	3
182	sys1	0.8	0.864865	2.000000	1	1	4	3.333333	4	3	3
182	sys2	0.8	0.918919	2.666667	1	3	4	3.333333	4	2	4
182	sys3	0.8	0.918919	3.666667	4	3	4	3.666667	4	4	3
182	sys4	0.8	0.918919	2.666667	1	3	4	3.666667	4	3	4
184	cohnlapata	0.8	0.321429	2.000000	3	2	1	1.333333	1	1	2
184	ilp	0.8	0.857143	4.000000	4	4	4	2.333333	2	2	3
184	sys1	0.8	0.875000	4.000000	4	4	4	3.333333	4	3	3
184	sys2	0.8	0.875000	4.000000	4	4	4	2.333333	2	2	3
184	sys3	0.8	0.875000	4.000000	4	4	4	3.666667	5	4	2
184	sys4	0.8	0.875000	4.000000	3	4	5	3.666667	3	4	4
185	cohnlapata	0.8	0.687500	2.500000	2	3	-1	4.000000	5	3	-1
185	ilp	0.8	0.812500	3.000000	3	3	-1	5.000000	5	5	-1
185	sys1	0.8	0.875000	3.500000	3	4	-1	4.500000	4	5	-1
185	sys2	0.8	0.875000	3.500000	3	4	-1	4.500000	4	5	-1
185	sys3	0.8	0.875000	4.000000	3	5	-1	3.500000	4	3	-1
185	sys4	0.8	0.875000	4.000000	3	5	-1	4.500000	4	5	-1
186	cohnlapata	0.8	0.534483	3.666667	4	2	5	2.666667	3	1	4
186	ilp	0.8	0.879310	4.000000	5	3	4	4.000000	5	3	4
186	sys1	0.8	0.896552	3.666667	4	3	4	3.666667	5	2	4
186	sys2	0.8	0.896552	4.000000	4	3	5	3.333333	4	2	4
186	sys3	0.8	0.896552	4.666667	5	4	5	3.666667	4	3	4
186	sys4	0.8	0.896552	4.333333	5	3	5	3.666667	4	3	4
187	cohnlapata	0.8	0.923077	2.000000	2	3	1	3.000000	3	4	2
187	ilp	0.8	0.923077	2.666667	3	3	2	3.666667	5	4	2
188	cohnlapata	0.8	0.800000	4.666667	4	5	5	2.666667	3	2	3
188	ilp	0.8	0.933333	5.000000	5	5	5	3.000000	3	3	3
188	sys3	0.8	0.733333	4.666667	4	5	5	5.000000	5	5	5
188	sys4	0.8	0.733333	4.666667	4	5	5	5.000000	5	5	5
189	cohnlapata	0.8	0.062500	1.000000	1	1	1	1.666667	1	1	3
189	ilp	0.8	0.937500	3.666667	4	4	3	5.000000	5	5	5
189	sys1	0.8	0.968750	3.333333	3	4	3	4.000000	2	5	5
189	sys2	0.8	0.968750	3.333333	3	4	3	4.000000	2	5	5
190	cohnlapata	0.8	0.476190	2.000000	2	2	2	1.333333	2	1	1
190	ilp	0.8	0.619048	3.000000	3	3	3	2.666667	4	2	2
190	sys1	0.8	0.571429	3.333333	4	3	3	2.333333	3	2	2
190	sys2	0.8	0.619048	4.000000	4	4	4	3.000000	4	3	2
190	sys3	0.8	0.714286	4.333333	4	4	5	3.666667	4	3	4
190	sys4	0.8	0.666667	4.333333	4	5	4	4.333333	5	4	4
191	cohnlapata	0.8	0.186047	1.333333	1	2	1	2.333333	4	2	1
191	ilp	0.8	0.790698	3.000000	3	3	3	3.666667	3	4	4
191	neg	0.8	0.5	1.666667	2	2	1	1.666667	2	2	1
191	sys1	0.8	0.813953	4.000000	4	4	4	2.666667	4	2	2
191	sys2	0.8	0.813953	3.666667	4	4	3	3.000000	5	2	2
191	sys3	0.8	0.813953	3.333333	4	4	2	2.666667	5	2	1
191	sys4	0.8	0.813953	3.666667	4	4	3	3.000000	5	2	2
192	cohnlapata	0.8	0.538462	1.666667	2	2	1	1.333333	2	1	1
192	ilp	0.8	0.974359	4.666667	5	5	4	4.333333	3	5	5
193	cohnlapata	0.8	0.684211	2.000000	2	3	1	2.000000	2	3	1
193	ilp	0.8	0.684211	3.333333	4	4	2	4.666667	4	5	5
193	sys1	0.8	0.631579	2.333333	1	4	2	3.333333	1	4	5
193	sys2	0.8	0.631579	2.666667	2	4	2	2.666667	3	3	2
193	sys3	0.8	0.684211	3.000000	2	4	3	2.666667	2	3	3
193	sys4	0.8	0.631579	2.666667	3	4	1	2.666667	3	3	2
194	cohnlapata	0.8	0.444444	2.333333	2	4	1	3.000000	1	3	5
194	ilp	0.8	0.833333	3.000000	3	5	1	4.333333	5	5	3
194	sys1	0.8	0.888889	4.333333	5	3	5	4.333333	5	3	5
194	sys2	0.8	0.888889	5.000000	5	5	5	4.666667	4	5	5
194	sys3	0.8	0.888889	5.000000	5	5	5	5.000000	5	5	5
194	sys4	0.8	0.888889	5.000000	5	5	5	5.000000	5	5	5
195	cohnlapata	0.8	0.361111	1.000000	1	1	1	1.000000	1	1	1
195	ilp	0.8	0.861111	4.333333	5	4	4	3.333333	3	3	4
195	sys1	0.8	0.888889	3.666667	4	3	4	3.333333	3	4	3
195	sys2	0.8	0.888889	3.666667	4	3	4	3.666667	4	4	3
195	sys3	0.8	0.916667	4.666667	5	5	4	4.000000	4	5	3
195	sys4	0.8	0.916667	4.666667	5	5	4	4.000000	4	5	3
196	cohnlapata	0.8	0.711538	3.666667	4	3	4	3.000000	3	3	3
196	ilp	0.8	0.769231	4.000000	4	4	4	4.000000	4	3	5
196	sys1	0.8	0.788462	4.666667	4	5	5	4.666667	4	5	5
196	sys2	0.8	0.788462	4.666667	5	5	4	4.666667	4	5	5
196	sys3	0.8	0.846154	3.666667	4	3	4	3.333333	4	3	3
196	sys4	0.8	0.788462	4.333333	5	4	4	4.000000	4	5	3
197	ilp	0.8	0.857143	1.000000	1	1	1	3.000000	5	3	1
198	cohnlapata	0.8	0.434783	1.000000	1	1	1	2.333333	1	4	2
198	ilp	0.8	0.956522	4.333333	4	4	5	3.000000	4	1	4
199	cohnlapata	0.8	0.176471	1.333333	1	1	2	1.000000	1	1	1
199	ilp	0.8	0.970588	4.333333	4	5	4	4.000000	3	4	5
199	sys3	0.8	0.794118	3.333333	2	4	4	4.000000	3	5	4
199	sys4	0.8	0.794118	3.666667	3	4	4	3.333333	2	5	3
200	cohnlapata	0.8	0.318182	1.666667	1	3	1	3.666667	4	5	2
200	ilp	0.8	0.818182	3.000000	2	4	3	5.000000	5	5	5
200	sys1	0.8	0.863636	5.000000	5	5	5	4.333333	5	3	5
200	sys2	0.8	0.863636	3.333333	5	3	2	5.000000	5	5	5
200	sys3	0.8	0.863636	2.666667	2	4	2	2.666667	2	3	3
200	sys4	0.8	0.863636	5.000000	5	5	5	4.333333	3	5	5
201	cohnlapata	0.8	0.520833	3.333333	5	3	2	3.000000	5	2	2
201	ilp	0.8	0.979167	3.333333	5	3	2	3.000000	5	2	2
201	neg	0.8	0.5	2.000000	2	2	2	1.000000	1	1	1
202	cohnlapata	0.8	0.740741	2.333333	2	1	4	2.333333	2	2	3
202	ilp	0.8	0.777778	2.333333	3	1	3	3.666667	3	3	5
202	sys1	0.8	0.814815	3.666667	3	4	4	4.333333	4	4	5
202	sys2	0.8	0.851852	2.333333	2	2	3	3.333333	3	4	3
202	sys3	0.8	0.851852	3.666667	3	4	4	3.000000	3	3	3
202	sys4	0.8	0.851852	2.333333	2	2	3	3.000000	4	2	3
203	ilp	0.8	0.857143	3.666667	3	4	4	4.333333	5	5	3
204	cohnlapata	0.8	0.581395	1.666667	1	2	2	1.333333	1	1	2
204	ilp	0.8	0.906977	3.666667	4	4	3	4.333333	5	4	4
204	sys1	0.8	0.930233	4.000000	3	5	4	5.000000	5	5	5
204	sys2	0.8	0.930233	3.666667	3	5	3	3.333333	3	5	2
204	sys3	0.8	0.930233	4.333333	5	5	3	3.666667	3	5	3
204	sys4	0.8	0.930233	4.000000	3	5	4	3.333333	2	5	3
205	cohnlapata	0.8	0.078947	2.000000	2	2	2	3.333333	3	2	5
205	ilp	0.8	0.736842	3.666667	3	4	4	4.000000	5	4	3
205	sys1	0.8	0.763158	5.000000	5	5	5	3.333333	2	4	4
205	sys2	0.8	0.763158	4.666667	4	5	5	2.333333	2	2	3
205	sys3	0.8	0.763158	5.000000	5	5	5	3.000000	3	3	3
205	sys4	0.8	0.763158	5.000000	5	5	5	3.000000	3	3	3
206	cohnlapata	0.8	0.333333	1.666667	2	1	2	1.333333	1	1	2
206	ilp	0.8	0.979167	4.000000	3	4	5	4.666667	4	5	5
206	sys3	0.8	0.958333	4.666667	5	4	5	4.333333	4	4	5
206	sys4	0.8	0.958333	4.666667	5	4	5	4.333333	4	4	5
207	cohnlapata	0.8	0.387097	1.666667	1	1	3	2.000000	2	1	3
207	ilp	0.8	0.709677	3.666667	4	3	4	4.333333	3	5	5
207	sys1	0.8	0.741935	4.000000	4	3	5	3.000000	3	3	3
207	sys2	0.8	0.741935	4.000000	4	3	5	2.666667	3	2	3
207	sys3	0.8	0.741935	4.666667	5	4	5	4.000000	3	4	5
207	sys4	0.8	0.774194	5.000000	5	5	5	4.666667	5	4	5
208	cohnlapata	0.8	0.325000	2.000000	1	2	3	2.000000	2	2	2
208	ilp	0.8	0.825000	2.666667	1	4	3	2.000000	2	2	2
208	sys1	0.8	0.850000	4.666667	4	5	5	4.000000	4	5	3
208	sys2	0.8	0.900000	5.000000	5	5	5	3.333333	5	3	2
208	sys3	0.8	0.850000	4.000000	3	5	4	3.333333	4	4	2
208	sys4	0.8	0.850000	4.333333	4	5	4	3.666667	4	5	2
209	cohnlapata	0.8	0.529412	2.000000	1	3	2	4.000000	5	3	4
209	sys1	0.8	0.941176	5.000000	5	5	5	5.000000	5	5	5
209	sys2	0.8	0.941176	5.000000	5	5	5	4.666667	5	5	4
210	cohnlapata	0.8	0.600000	2.333333	3	1	3	2.333333	3	1	3
210	ilp	0.8	0.900000	3.333333	3	3	4	4.666667	5	4	5
210	neg	0.8	0.5	2.000000	2	1	3	2.333333	2	2	3
210	sys1	0.8	0.950000	4.333333	5	4	4	5.000000	5	5	5
210	sys2	0.8	0.950000	4.333333	5	4	4	5.000000	5	5	5
210	sys3	0.8	0.950000	4.333333	5	3	5	4.000000	3	4	5
210	sys4	0.8	0.950000	4.333333	5	4	4	5.000000	5	5	5
212	cohnlapata	0.8	0.571429	2.333333	3	2	2	2.333333	2	2	3
212	ilp	0.8	0.857143	3.333333	4	2	4	3.000000	3	2	4
212	sys1	0.8	0.904762	4.000000	4	3	5	4.000000	4	3	5
212	sys2	0.8	0.904762	3.333333	4	3	3	3.333333	4	3	3
212	sys3	0.8	0.904762	4.333333	5	4	4	4.666667	5	5	4
212	sys4	0.8	0.904762	4.333333	5	4	4	4.666667	5	5	4
213	cohnlapata	0.8	0.170732	1.000000	1	1	1	2.000000	1	1	4
213	ilp	0.8	0.853659	2.666667	1	5	2	3.333333	2	5	3
213	neg	0.8	0.5	2.000000	1	2	3	1.666667	1	2	2
213	sys1	0.8	0.878049	3.666667	5	3	3	2.666667	2	2	4
213	sys2	0.8	0.878049	3.666667	3	4	4	2.000000	2	3	1
213	sys3	0.8	0.951220	5.000000	5	5	5	3.666667	2	5	4
213	sys4	0.8	0.951220	4.000000	4	3	5	3.333333	3	2	5
214	cohnlapata	0.8	0.340000	2.000000	3	2	1	2.000000	4	1	1
214	ilp	0.8	0.820000	3.666667	4	3	4	3.666667	4	2	5
214	sys1	0.8	0.840000	4.000000	4	4	4	3.000000	4	2	3
214	sys2	0.8	0.840000	4.333333	3	5	5	4.000000	5	3	4
214	sys3	0.8	0.840000	4.333333	4	4	5	4.000000	5	2	5
214	sys4	0.8	0.840000	4.333333	4	4	5	3.333333	5	2	3
215	neg	0.8	0.5	4.000000	4	4	4	2.333333	3	1	3
217	cohnlapata	0.8	1.062500	5.000000	5	5	5	3.333333	5	3	2
217	ilp	0.8	0.937500	3.666667	3	4	4	5.000000	5	5	5
218	cohnlapata	0.8	0.206897	1.666667	2	1	2	2.333333	5	1	1
218	ilp	0.8	0.620690	1.666667	2	2	1	1.666667	3	1	1
218	sys1	0.8	0.655172	3.000000	3	4	2	2.333333	3	2	2
218	sys2	0.8	0.655172	3.666667	3	3	5	2.666667	3	2	3
218	sys3	0.8	0.689655	4.333333	4	4	5	2.000000	2	2	2
218	sys4	0.8	0.655172	2.666667	2	4	2	1.333333	2	1	1
219	cohnlapata	0.8	0.200000	2.000000	2	1	3	2.666667	4	1	3
219	ilp	0.8	0.971429	3.666667	4	3	4	3.333333	3	4	3
219	sys3	0.8	0.942857	4.333333	4	5	4	4.000000	3	5	4
219	sys4	0.8	0.942857	4.333333	4	5	4	3.666667	3	5	3
220	cohnlapata	0.8	0.274194	2.000000	1	3	2	2.666667	1	5	2
220	ilp	0.8	0.774194	5.000000	5	5	5	4.333333	3	5	5
220	sys1	0.8	0.758065	4.666667	5	4	5	3.666667	5	2	4
220	sys2	0.8	0.870968	5.000000	5	5	5	3.333333	3	3	4
220	sys3	0.8	0.903226	4.333333	4	4	5	4.000000	3	5	4
220	sys4	0.8	0.903226	5.000000	5	5	5	4.000000	5	3	4
221	cohnlapata	0.8	0.522727	1.666667	2	1	2	1.333333	1	1	2
221	ilp	0.8	0.750000	4.333333	4	4	5	3.000000	3	3	3
221	sys1	0.8	0.772727	5.000000	5	5	5	4.666667	5	5	4
221	sys2	0.8	0.840909	3.000000	1	4	4	3.000000	3	3	3
221	sys3	0.8	0.840909	5.000000	5	5	5	4.666667	5	4	5
221	sys4	0.8	0.840909	4.000000	4	4	4	3.000000	3	3	3
222	cohnlapata	0.8	0.545455	2.333333	4	2	1	2.333333	4	2	1
222	ilp	0.8	0.727273	3.333333	5	4	1	3.666667	5	4	2
222	sys1	0.8	0.818182	3.000000	4	3	2	3.666667	5	2	4
222	sys2	0.8	0.818182	4.000000	4	5	3	4.333333	4	5	4
222	sys3	0.8	0.818182	3.000000	4	3	2	4.000000	4	3	5
222	sys4	0.8	0.818182	3.000000	4	3	2	3.666667	5	2	4
223	cohnlapata	0.8	0.185185	1.000000	1	1	1	1.333333	1	2	1
223	ilp	0.8	0.851852	4.000000	5	3	4	4.000000	5	5	2
223	sys1	0.8	0.888889	4.333333	5	4	4	3.000000	3	2	4
223	sys2	0.8	0.888889	4.333333	5	5	3	2.666667	3	3	2
223	sys3	0.8	0.888889	4.333333	5	4	4	3.000000	3	2	4
223	sys4	0.8	0.888889	4.333333	5	5	3	3.333333	3	5	2
224	cohnlapata	0.8	0.869565	2.000000	3	1	2	2.666667	3	1	4
224	ilp	0.8	0.869565	3.333333	5	3	2	3.333333	4	2	4
224	sys1	0.8	0.913043	3.666667	5	4	2	3.333333	4	2	4
224	sys2	0.8	0.913043	3.666667	5	4	2	3.333333	4	2	4
225	cohnlapata	0.8	0.128788	1.000000	1	1	-1	3.000000	4	2	-1
225	ilp	0.8	0.992424	3.500000	4	3	-1	4.000000	5	3	-1
225	sys3	0.8	0.840909	4.000000	5	3	-1	3.500000	5	2	-1
225	sys4	0.8	0.848485	4.000000	5	3	-1	4.000000	5	3	-1
226	cohnlapata	0.8	0.142857	1.000000	1	1	1	1.000000	1	1	1
226	ilp	0.8	0.821429	3.333333	3	4	3	3.000000	2	5	2
226	sys1	0.8	0.857143	4.000000	4	5	3	4.000000	4	5	3
226	sys2	0.8	0.857143	3.666667	3	5	3	4.000000	4	5	3
226	sys3	0.8	0.857143	4.000000	4	5	3	3.666667	4	5	2
226	sys4	0.8	0.857143	4.000000	4	5	3	3.333333	3	5	2
227	cohnlapata	0.8	0.375000	1.333333	2	1	1	1.333333	2	1	1
227	ilp	0.8	0.958333	4.000000	4	5	3	4.666667	5	5	4
227	sys2	0.8	0.916667	3.666667	4	4	3	4.000000	3	5	4
228	cohnlapata	0.8	0.791667	2.333333	3	2	2	2.333333	3	2	2
228	ilp	0.8	0.833333	3.666667	4	4	3	5.000000	5	5	5
228	sys1	0.8	0.875000	4.666667	5	5	4	3.333333	4	3	3
228	sys2	0.8	0.875000	4.666667	4	5	5	4.333333	4	5	4
228	sys3	0.8	0.875000	4.333333	4	4	5	3.333333	4	3	3
228	sys4	0.8	0.875000	4.333333	4	4	5	3.333333	4	3	3
229	ilp	0.8	0.750000	2.333333	3	2	2	3.666667	4	3	4
230	cohnlapata	0.8	0.325000	1.333333	1	1	2	1.666667	2	1	2
230	ilp	0.8	0.875000	3.333333	2	3	5	3.000000	2	3	4
230	sys1	0.8	0.900000	3.666667	3	3	5	3.333333	3	3	4
230	sys2	0.8	0.900000	3.666667	3	3	5	3.333333	3	3	4
230	sys3	0.8	0.900000	3.666667	3	3	5	3.333333	3	3	4
230	sys4	0.8	0.900000	3.666667	3	3	5	3.666667	2	5	4
231	cohnlapata	0.8	0.469388	2.000000	2	3	1	1.666667	2	2	1
231	ilp	0.8	0.979592	4.333333	4	4	5	4.333333	4	4	5
231	sys3	0.8	0.979592	4.333333	4	4	5	3.666667	3	4	4
231	sys4	0.8	0.979592	4.333333	4	4	5	4.000000	3	4	5
232	cohnlapata	0.8	0.875000	2.333333	3	2	2	2.000000	3	2	1
232	ilp	0.8	0.750000	3.666667	4	3	4	4.666667	5	4	5
232	sys1	0.8	0.875000	1.666667	2	2	1	4.666667	5	4	5
232	sys2	0.8	0.875000	1.666667	2	2	1	4.666667	5	4	5
232	sys3	0.8	0.875000	1.666667	2	2	1	4.666667	5	4	5
232	sys4	0.8	0.875000	1.666667	2	2	1	4.666667	5	4	5
234	cohnlapata	0.8	0.666667	3.333333	3	3	4	3.666667	3	4	4
234	ilp	0.8	0.888889	4.666667	5	4	5	5.000000	5	5	5
234	neg	0.8	0.5	4.000000	5	2	5	5.000000	5	5	5
235	ilp	0.8	0.666667	4.666667	5	4	5	1.666667	1	1	3
236	cohnlapata	0.8	0.153846	1.333333	1	2	1	1.333333	1	2	1
236	ilp	0.8	0.846154	2.000000	1	3	2	3.333333	2	3	5
236	sys1	0.8	0.871795	4.333333	3	5	5	4.000000	2	5	5
236	sys2	0.8	0.871795	3.666667	3	4	4	3.000000	2	4	3
236	sys3	0.8	0.871795	3.333333	2	4	4	3.000000	2	4	3
236	sys4	0.8	0.871795	4.000000	3	5	4	2.666667	2	4	2
237	cohnlapata	0.8	0.363636	1.000000	1	1	1	1.333333	1	2	1
237	ilp	0.8	0.818182	4.333333	4	5	4	3.333333	3	4	3
237	sys1	0.8	0.772727	2.333333	2	2	3	4.666667	5	5	4
237	sys2	0.8	0.772727	2.666667	2	2	4	5.000000	5	5	5
237	sys3	0.8	0.772727	3.000000	3	3	3	4.333333	3	5	5
237	sys4	0.8	0.772727	3.000000	3	3	3	4.333333	3	5	5
239	cohnlapata	0.8	0.416667	1.333333	1	2	1	1.333333	1	2	1
240	cohnlapata	0.8	0.285714	1.333333	1	2	1	1.000000	1	1	1
240	ilp	0.8	0.952381	2.000000	1	3	2	2.333333	1	4	2
241	ilp	0.8	0.750000	4.333333	5	5	3	3.666667	3	5	3
242	cohnlapata	0.8	0.357143	1.666667	2	1	2	1.666667	2	2	1
242	ilp	0.8	0.976190	4.000000	4	4	4	4.333333	4	4	5
242	sys3	0.8	0.880952	3.666667	3	4	4	2.666667	3	3	2
242	sys4	0.8	0.880952	3.666667	3	4	4	2.666667	3	3	2
243	cohnlapata	0.8	0.379310	2.666667	3	3	2	4.000000	5	3	4
243	ilp	0.8	0.965517	4.666667	5	5	4	5.000000	5	5	5
243	neg	0.8	0.5	2.000000	2	2	2	1.000000	1	1	1
244	cohnlapata	0.8	0.205882	1.333333	1	1	2	1.666667	1	1	3
244	ilp	0.8	0.852941	3.000000	4	3	2	3.666667	3	5	3
244	sys1	0.8	0.882353	4.666667	5	5	4	4.000000	4	5	3
244	sys2	0.8	0.882353	4.000000	5	3	4	3.666667	4	4	3
244	sys3	0.8	0.882353	4.333333	5	4	4	3.666667	4	4	3
244	sys4	0.8	0.882353	4.333333	5	4	4	3.666667	4	4	3
245	cohnlapata	0.8	0.764706	3.666667	4	4	3	4.333333	5	5	3
245	ilp	0.8	0.882353	3.666667	4	4	3	3.333333	3	4	3
245	sys1	0.8	0.941176	3.000000	2	4	3	4.000000	5	4	3
245	sys2	0.8	0.941176	4.333333	5	4	4	4.333333	5	4	4
245	sys3	0.8	0.941176	4.333333	5	5	3	5.000000	5	5	5
245	sys4	0.8	0.882353	4.333333	5	5	3	5.000000	5	5	5
246	cohnlapata	0.8	0.600000	2.000000	2	1	3	2.333333	3	1	3
246	ilp	0.8	0.866667	4.666667	5	5	4	5.000000	5	5	5
246	neg	0.8	0.5	2.000000	2	2	2	1.333333	1	1	2
246	sys1	0.8	0.933333	5.000000	5	5	5	3.000000	3	3	3
246	sys2	0.8	0.933333	5.000000	5	5	5	3.000000	3	3	3
246	sys3	0.8	0.933333	5.000000	5	5	5	3.000000	3	3	3
246	sys4	0.8	0.933333	5.000000	5	5	5	3.000000	3	3	3
248	cohnlapata	0.8	0.437500	1.666667	1	2	2	1.000000	1	1	1
248	ilp	0.8	0.875000	3.000000	2	4	3	3.666667	5	3	3
248	neg	0.8	0.5	2.000000	2	2	2	1.000000	1	1	1
248	sys1	0.8	0.937500	3.333333	5	2	3	4.333333	5	3	5
248	sys2	0.8	0.937500	3.666667	5	2	4	4.000000	5	4	3
248	sys3	0.8	0.937500	4.333333	5	4	4	4.666667	5	4	5
248	sys4	0.8	0.937500	4.333333	5	4	4	4.666667	5	4	5
249	cohnlapata	0.8	0.615385	1.333333	2	1	1	3.333333	3	4	3
249	ilp	0.8	0.923077	3.000000	4	3	2	3.666667	3	5	3
249	neg	0.8	0.5	1.666667	2	1	2	5.000000	5	5	5
250	cohnlapata	0.8	0.700000	3.666667	4	3	4	3.000000	3	2	4
250	ilp	0.8	0.900000	4.333333	4	4	5	4.666667	5	4	5
250	neg	0.8	0.5	2.333333	4	2	1	2.000000	4	1	1
250	sys3	0.8	0.800000	5.000000	5	5	5	4.333333	5	3	5
250	sys4	0.8	0.800000	5.000000	5	5	5	4.333333	5	3	5
251	cohnlapata	0.8	0.208333	1.000000	1	1	1	2.333333	5	1	1
251	ilp	0.8	0.666667	2.333333	4	2	1	2.000000	3	2	1
251	sys1	0.8	0.708333	2.666667	4	2	2	2.333333	4	1	2
251	sys2	0.8	0.708333	1.666667	1	3	1	2.000000	2	2	2
251	sys3	0.8	0.791667	4.333333	5	4	4	2.666667	5	1	2
251	sys4	0.8	0.791667	4.333333	5	4	4	2.666667	5	1	2
252	cohnlapata	0.8	0.400000	1.666667	1	1	3	1.333333	2	1	1
252	ilp	0.8	0.800000	3.333333	3	3	4	2.000000	2	2	2
252	sys1	0.8	0.833333	3.333333	4	2	4	2.000000	2	2	2
252	sys2	0.8	0.833333	3.666667	4	3	4	2.000000	2	2	2
252	sys3	0.8	0.833333	3.666667	4	3	4	2.333333	2	2	3
252	sys4	0.8	0.833333	3.666667	4	3	4	2.333333	2	2	3
253	cohnlapata	0.8	0.437500	1.333333	1	2	1	1.000000	1	1	1
253	ilp	0.8	0.937500	4.000000	3	4	5	4.000000	5	5	2
253	sys3	0.8	0.937500	4.000000	3	4	5	2.666667	3	3	2
253	sys4	0.8	0.937500	4.000000	3	4	5	2.666667	3	3	2
254	cohnlapata	0.8	0.405405	2.000000	2	2	2	1.666667	2	1	2
254	ilp	0.8	0.729730	4.000000	4	4	4	3.333333	5	3	2
254	sys1	0.8	0.756757	3.666667	4	3	4	3.000000	4	2	3
254	sys2	0.8	0.783784	4.333333	4	5	4	4.666667	4	5	5
254	sys3	0.8	0.756757	4.000000	4	4	4	3.333333	5	3	2
254	sys4	0.8	0.837838	4.000000	4	4	4	3.333333	5	2	3
255	cohnlapata	0.8	0.200000	1.333333	2	1	1	2.000000	2	2	2
255	ilp	0.8	0.866667	4.333333	4	4	5	4.666667	5	5	4
255	sys1	0.8	0.900000	4.333333	4	4	5	3.333333	3	4	3
255	sys2	0.8	0.900000	4.666667	5	4	5	4.333333	4	5	4
255	sys3	0.8	0.900000	4.333333	4	4	5	4.666667	5	5	4
255	sys4	0.8	0.900000	4.000000	3	4	5	4.000000	4	4	4
257	cohnlapata	0.8	0.600000	2.333333	1	3	3	2.000000	2	2	2
257	ilp	0.8	0.900000	4.333333	4	4	5	4.333333	5	4	4
257	neg	0.8	0.5	2.666667	1	4	3	1.666667	1	2	2
258	cohnlapata	0.8	0.642857	1.666667	2	2	1	3.666667	3	3	5
258	ilp	0.8	0.642857	4.000000	5	5	2	4.333333	5	5	3
258	sys1	0.8	0.714286	1.666667	2	2	1	3.000000	3	4	2
258	sys2	0.8	0.714286	1.333333	2	1	1	2.000000	2	2	2
258	sys3	0.8	0.785714	1.666667	2	2	1	3.000000	3	4	2
258	sys4	0.8	0.785714	1.666667	2	2	1	2.000000	2	2	2
259	cohnlapata	0.8	0.125000	1.000000	1	1	1	1.000000	1	1	1
259	ilp	0.8	0.979167	4.666667	5	5	4	5.000000	5	5	5
259	sys3	0.8	0.833333	3.666667	4	4	3	3.333333	3	5	2
259	sys4	0.8	0.833333	4.333333	5	4	4	3.000000	3	4	2
260	cohnlapata	0.8	0.277778	2.000000	2	2	2	1.333333	1	2	1
260	ilp	0.8	0.988889	3.333333	5	3	2	4.333333	5	3	5
260	sys3	0.8	0.877778	3.000000	4	3	2	3.000000	3	4	2
260	sys4	0.8	0.877778	3.000000	4	3	2	2.000000	2	2	2
261	cohnlapata	0.8	0.333333	1.666667	3	1	1	2.333333	4	1	2
261	ilp	0.8	0.933333	4.333333	5	5	3	4.333333	5	5	3
262	cohnlapata	0.8	0.523810	2.000000	2	2	2	1.666667	2	2	1
262	ilp	0.8	0.761905	3.000000	3	4	2	3.333333	4	3	3
262	sys1	0.8	0.714286	3.666667	4	4	3	2.666667	3	3	2
262	sys2	0.8	0.714286	3.333333	3	4	3	3.000000	3	4	2
262	sys3	0.8	0.714286	2.666667	4	2	2	2.000000	3	1	2
262	sys4	0.8	0.761905	3.000000	3	4	2	4.666667	5	5	4
263	cohnlapata	0.8	0.301887	2.000000	1	3	2	2.000000	1	3	2
263	ilp	0.8	0.981132	5.000000	5	5	5	5.000000	5	5	5
263	sys3	0.8	0.849057	4.666667	5	4	5	3.666667	4	4	3
263	sys4	0.8	0.849057	4.333333	5	4	4	4.000000	4	5	3
264	cohnlapata	0.8	0.739130	3.000000	4	4	1	3.333333	5	3	2
264	ilp	0.8	0.913043	4.333333	4	5	4	3.666667	3	3	5
264	sys1	0.8	0.956522	5.000000	5	5	5	2.666667	3	3	2
264	sys2	0.8	0.956522	5.000000	5	5	5	2.666667	3	3	2
264	sys3	0.8	0.956522	4.000000	5	5	2	3.333333	5	3	2
264	sys4	0.8	0.956522	4.666667	5	5	4	4.000000	4	3	5
265	cohnlapata	0.8	0.500000	2.333333	3	1	3	3.000000	3	2	4
265	ilp	0.8	0.857143	4.333333	4	5	4	5.000000	5	5	5
265	sys1	0.8	0.928571	4.000000	4	4	4	4.000000	5	3	4
265	sys2	0.8	0.928571	4.333333	4	5	4	5.000000	5	5	5
265	sys3	0.8	0.928571	4.333333	4	5	4	4.000000	4	5	3
265	sys4	0.8	0.928571	4.333333	4	5	4	4.666667	4	5	5
266	cohnlapata	0.8	0.125000	1.666667	2	2	1	5.000000	5	5	5
266	ilp	0.8	0.770833	3.333333	3	5	2	2.000000	2	3	1
266	sys1	0.8	0.791667	4.000000	4	5	3	2.666667	3	3	2
266	sys2	0.8	0.791667	3.666667	3	5	3	2.000000	2	3	1
266	sys3	0.8	0.791667	3.666667	3	5	3	2.333333	2	3	2
266	sys4	0.8	0.791667	3.666667	3	5	3	2.333333	2	3	2
267	cohnlapata	0.8	0.379310	1.333333	1	1	2	1.000000	1	1	1
267	ilp	0.8	0.827586	3.000000	1	4	4	2.666667	1	3	4
267	sys1	0.8	0.862069	3.000000	2	3	4	1.333333	1	1	2
267	sys2	0.8	0.862069	3.000000	2	2	5	2.666667	2	2	4
267	sys3	0.8	0.896552	4.333333	4	4	5	3.666667	3	4	4
267	sys4	0.8	0.896552	3.000000	2	3	4	1.666667	1	2	2
268	cohnlapata	0.8	0.576923	3.666667	3	4	4	2.666667	3	2	3
268	ilp	0.8	0.961538	4.333333	3	5	5	4.666667	4	5	5
268	neg	0.8	0.5	2.333333	2	4	1	2.666667	4	3	1
269	cohnlapata	0.8	0.611111	3.000000	3	4	2	2.333333	2	3	2
269	ilp	0.8	0.888889	4.000000	5	4	3	4.000000	5	4	3
269	neg	0.8	0.5	2.666667	2	3	3	2.000000	2	2	2
269	sys1	0.8	0.916667	5.000000	5	5	5	5.000000	5	5	5
269	sys2	0.8	0.916667	4.666667	5	4	5	4.000000	3	4	5
269	sys3	0.8	0.916667	5.000000	5	5	5	5.000000	5	5	5
269	sys4	0.8	0.916667	5.000000	5	5	5	5.000000	5	5	5
271	cohnlapata	0.8	0.800000	4.333333	3	5	5	3.000000	3	3	3
271	ilp	0.8	0.900000	5.000000	5	5	5	5.000000	5	5	5
272	cohnlapata	0.8	0.372881	1.000000	1	1	-1	1.000000	1	1	-1
272	ilp	0.8	0.983051	4.500000	4	5	-1	4.000000	3	5	-1
272	sys4	0.8	0.983051	4.500000	4	5	-1	5.000000	5	5	-1
273	cohnlapata	0.8	0.250000	1.666667	1	3	1	2.000000	1	4	1
273	ilp	0.8	0.781250	4.666667	5	4	5	4.666667	5	4	5
273	sys1	0.8	0.812500	4.666667	5	4	5	4.333333	5	3	5
273	sys2	0.8	0.812500	3.666667	2	4	5	2.000000	1	1	4
273	sys3	0.8	0.812500	4.000000	4	4	4	4.333333	5	4	4
273	sys4	0.8	0.812500	4.000000	4	4	4	3.666667	5	2	4
274	cohnlapata	0.8	0.700000	2.000000	2	2	2	1.666667	1	2	2
274	ilp	0.8	0.733333	2.666667	3	3	2	3.333333	4	3	3
274	sys1	0.8	0.766667	3.333333	4	4	2	4.000000	5	4	3
274	sys2	0.8	0.766667	3.666667	5	4	2	4.333333	5	4	4
274	sys3	0.8	0.766667	3.333333	3	5	2	3.666667	5	4	2
274	sys4	0.8	0.766667	2.666667	3	3	2	3.666667	5	3	3
275	cohnlapata	0.8	0.642857	2.666667	2	3	3	2.000000	2	2	2
275	ilp	0.8	0.642857	2.666667	2	2	4	3.333333	3	3	4
275	sys1	0.8	0.571429	4.000000	4	4	4	4.000000	3	5	4
275	sys2	0.8	0.714286	4.333333	4	4	5	3.666667	3	5	3
275	sys3	0.8	0.642857	4.333333	4	4	5	5.000000	5	5	5
275	sys4	0.8	0.714286	4.333333	4	4	5	4.333333	4	4	5
276	cohnlapata	0.8	0.550000	1.000000	1	1	1	2.000000	1	4	1
276	ilp	0.8	0.850000	2.000000	1	3	2	1.666667	1	2	2
276	neg	0.8	0.5	1.000000	1	1	1	1.000000	1	1	1
276	sys1	0.8	0.850000	2.000000	1	4	1	2.000000	1	2	3
276	sys2	0.8	0.850000	2.333333	1	3	3	2.000000	1	2	3
276	sys3	0.8	0.850000	2.000000	1	4	1	2.000000	1	2	3
276	sys4	0.8	0.850000	2.333333	1	4	2	2.000000	1	3	2
277	cohnlapata	0.8	0.739130	2.333333	4	1	2	2.000000	3	2	1
277	ilp	0.8	0.782609	2.000000	3	2	1	2.666667	2	3	3
277	sys1	0.8	0.826087	2.000000	3	2	1	4.666667	5	4	5
277	sys2	0.8	0.826087	2.333333	3	2	2	3.000000	3	3	3
277	sys3	0.8	0.826087	2.333333	3	2	2	2.000000	3	2	1
277	sys4	0.8	0.826087	2.333333	3	2	2	2.000000	3	2	1
278	cohnlapata	0.8	0.360000	2.666667	3	2	3	5.000000	5	5	5
278	ilp	0.8	0.840000	3.000000	3	2	4	2.333333	3	1	3
278	sys1	0.8	0.920000	5.000000	5	5	5	4.666667	4	5	5
278	sys2	0.8	0.920000	5.000000	5	5	5	4.666667	4	5	5
278	sys3	0.8	0.920000	5.000000	5	5	5	4.666667	4	5	5
278	sys4	0.8	0.920000	5.000000	5	5	5	4.666667	4	5	5
279	cohnlapata	0.8	0.235294	2.000000	1	2	3	3.333333	4	4	2
279	ilp	0.8	0.647059	2.666667	2	3	3	2.666667	3	3	2
279	sys1	0.8	0.676471	3.000000	3	4	2	2.666667	2	4	2
279	sys2	0.8	0.676471	3.666667	3	4	4	2.000000	2	2	2
279	sys3	0.8	0.676471	4.000000	4	4	4	2.666667	3	2	3
279	sys4	0.8	0.676471	4.000000	4	4	4	2.666667	3	2	3
280	cohnlapata	0.8	0.425926	1.666667	2	2	1	1.000000	1	1	1
280	ilp	0.8	0.703704	2.333333	3	2	2	3.000000	2	4	3
280	neg	0.8	0.5	2.000000	2	2	2	1.333333	2	1	1
280	sys1	0.8	0.722222	3.333333	3	4	3	2.666667	2	3	3
280	sys2	0.8	0.722222	3.333333	3	4	3	3.000000	2	4	3
280	sys3	0.8	0.740741	3.666667	4	5	2	3.000000	2	4	3
280	sys4	0.8	0.759259	3.333333	3	5	2	2.333333	2	3	2
281	cohnlapata	0.8	0.666667	1.666667	1	2	2	4.333333	3	5	5
281	ilp	0.8	0.916667	3.000000	2	4	3	4.000000	4	5	3
281	sys1	0.8	0.916667	3.666667	3	5	3	3.666667	4	4	3
282	ilp	0.8	0.785714	5.000000	5	5	5	4.333333	3	5	5
282	sys1	0.8	0.857143	4.333333	5	4	4	3.000000	3	3	3
282	sys2	0.8	0.857143	5.000000	5	5	5	3.666667	3	3	5
282	sys3	0.8	0.857143	5.000000	5	5	5	3.666667	3	3	5
282	sys4	0.8	0.857143	5.000000	5	5	5	3.666667	3	3	5
283	cohnlapata	0.8	0.285714	1.666667	2	2	1	1.333333	2	1	1
283	ilp	0.8	0.642857	4.000000	4	3	5	4.333333	5	3	5
283	sys1	0.8	0.642857	4.000000	5	3	4	3.666667	3	5	3
283	sys2	0.8	0.785714	4.000000	5	3	4	2.666667	3	2	3
283	sys3	0.8	0.642857	3.666667	4	3	4	2.666667	3	2	3
283	sys4	0.8	0.642857	4.000000	5	3	4	2.666667	3	2	3
284	cohnlapata	0.8	0.708333	3.333333	4	2	4	4.333333	5	4	4
284	ilp	0.8	0.750000	3.000000	2	3	4	3.000000	1	3	5
284	sys1	0.8	0.791667	3.000000	2	4	3	3.666667	4	3	4
284	sys2	0.8	0.791667	4.666667	4	5	5	3.000000	1	3	5
284	sys3	0.8	0.791667	3.666667	2	5	4	2.333333	1	3	3
284	sys4	0.8	0.791667	3.333333	2	4	4	2.333333	1	3	3
285	cohnlapata	0.8	6.700000	1.000000	1	1	1	1.666667	2	2	1
285	ilp	0.8	0.950000	4.333333	4	5	4	5.000000	5	5	5
285	neg	0.8	0.5	1.666667	2	1	2	1.333333	2	1	1
286	cohnlapata	0.8	0.380952	2.333333	2	3	2	1.666667	2	2	1
286	ilp	0.8	0.857143	4.000000	2	5	5	2.666667	2	3	3
286	sys1	0.8	0.809524	3.000000	1	4	4	3.333333	1	4	5
286	sys2	0.8	0.904762	3.666667	3	5	3	3.000000	2	5	2
286	sys3	0.8	0.904762	3.666667	3	5	3	3.000000	2	5	2
286	sys4	0.8	0.904762	3.000000	2	5	2	2.666667	3	3	2
287	cohnlapata	0.8	0.611111	3.333333	4	2	4	2.666667	3	1	4
287	ilp	0.8	0.833333	3.000000	3	3	3	3.000000	3	2	4
287	neg	0.8	0.5	1.666667	3	1	1	1.000000	1	1	1
287	sys1	0.8	0.888889	3.000000	2	3	4	3.333333	4	2	4
287	sys2	0.8	0.888889	2.333333	2	1	4	3.666667	4	3	4
287	sys3	0.8	0.888889	4.000000	4	3	5	3.000000	2	3	4
287	sys4	0.8	0.888889	4.000000	4	3	5	3.000000	2	3	4
288	cohnlapata	0.8	0.423077	2.000000	2	3	1	3.000000	4	3	2
288	ilp	0.8	0.826923	3.333333	4	4	2	4.333333	5	4	4
288	sys1	0.8	0.846154	4.333333	5	4	4	3.333333	4	3	3
288	sys2	0.8	0.846154	4.000000	5	4	3	3.000000	3	4	2
288	sys3	0.8	0.846154	4.000000	4	4	4	3.333333	5	2	3
288	sys4	0.8	0.846154	4.000000	4	4	4	3.333333	5	2	3
289	cohnlapata	0.8	0.444444	3.333333	3	3	4	5.000000	5	5	5
289	ilp	0.8	0.814815	4.333333	5	4	4	3.000000	5	3	1
289	sys1	0.8	0.851852	3.666667	5	4	2	2.333333	3	3	1
289	sys2	0.8	0.851852	3.333333	4	4	2	2.000000	3	2	1
289	sys3	0.8	0.851852	4.000000	5	4	3	3.000000	4	4	1
289	sys4	0.8	0.851852	3.333333	4	4	2	2.666667	4	3	1
290	cohnlapata	0.8	0.652174	3.666667	3	5	3	2.333333	3	2	2
290	ilp	0.8	0.956522	4.666667	5	5	4	4.333333	5	5	3
291	cohnlapata	0.8	0.320000	2.000000	2	2	2	3.666667	3	5	3
291	ilp	0.8	0.960000	4.666667	4	5	5	3.666667	3	5	3
291	sys3	0.8	0.960000	4.666667	4	5	5	3.333333	5	3	2
291	sys4	0.8	0.960000	4.666667	4	5	5	3.333333	5	3	2
293	cohnlapata	0.8	0.571429	1.333333	2	1	1	2.000000	2	2	2
293	ilp	0.8	0.523810	3.333333	3	3	4	4.333333	4	5	4
293	neg	0.8	0.5	1.333333	2	1	1	1.333333	2	1	1
293	sys1	0.8	0.571429	2.666667	3	1	4	3.000000	4	1	4
293	sys2	0.8	0.571429	2.666667	3	1	4	3.000000	4	1	4
293	sys3	0.8	0.571429	2.333333	3	1	3	2.000000	2	1	3
293	sys4	0.8	0.571429	2.666667	3	2	3	3.000000	4	1	4
294	cohnlapata	0.8	0.800000	3.000000	4	3	2	3.666667	2	5	4
294	ilp	0.8	0.900000	5.000000	5	5	5	4.333333	5	3	5
294	sys1	0.8	0.900000	3.000000	4	2	3	4.666667	4	5	5
296	cohnlapata	0.8	0.128205	2.333333	1	4	2	1.333333	1	2	1
296	ilp	0.8	0.974359	4.333333	4	4	5	3.000000	3	2	4
296	sys3	0.8	0.974359	4.333333	4	4	5	3.000000	3	2	4
296	sys4	0.8	0.974359	4.333333	4	4	5	3.000000	3	2	4
297	cohnlapata	0.8	0.432432	1.000000	1	1	1	1.333333	1	1	2
297	ilp	0.8	0.837838	2.666667	3	2	3	1.666667	2	1	2
297	neg	0.8	0.5	1.666667	1	2	2	1.000000	1	1	1
297	sys1	0.8	0.864865	1.666667	1	2	2	1.666667	2	1	2
297	sys2	0.8	0.864865	2.000000	1	2	3	2.000000	2	1	3
297	sys3	0.8	0.864865	2.000000	2	2	2	1.666667	2	1	2
297	sys4	0.8	0.864865	2.333333	2	2	3	1.666667	2	1	2
298	cohnlapata	0.8	0.800000	3.000000	3	2	4	3.000000	3	2	4
298	ilp	0.8	0.900000	3.666667	3	4	4	5.000000	5	5	5
299	cohnlapata	0.8	0.538462	1.666667	3	1	1	2.000000	3	1	2
299	ilp	0.8	0.538462	2.333333	3	3	1	4.666667	5	4	5
299	neg	0.8	0.5	1.666667	3	1	1	2.333333	4	1	2
299	sys1	0.8	0.461538	2.333333	5	1	1	2.666667	4	2	2
299	sys2	0.8	0.538462	2.333333	3	3	1	2.666667	4	2	2
299	sys3	0.8	0.538462	1.333333	2	1	1	3.333333	4	2	4
299	sys4	0.8	0.615385	1.666667	3	1	1	1.666667	2	1	2
302	cohnlapata	0.8	0.400000	1.000000	1	1	1	2.333333	3	1	3
302	ilp	0.8	0.900000	2.333333	2	2	3	2.666667	3	2	3
303	cohnlapata	0.8	0.454545	3.333333	2	4	4	4.333333	3	5	5
303	ilp	0.8	0.727273	5.000000	5	5	5	5.000000	5	5	5
303	neg	0.8	0.5	1.333333	1	1	2	1.000000	1	1	1
303	sys1	0.8	0.727273	4.000000	3	4	5	3.000000	2	3	4
303	sys2	0.8	0.636364	4.333333	3	5	5	4.666667	5	5	4
303	sys3	0.8	0.636364	4.666667	4	5	5	5.000000	5	5	5
303	sys4	0.8	0.636364	4.666667	4	5	5	5.000000	5	5	5
305	cohnlapata	0.8	0.533333	2.333333	2	3	2	1.666667	2	1	2
305	ilp	0.8	0.933333	3.000000	3	3	3	2.666667	2	3	3
306	cohnlapata	0.8	0.545455	1.333333	1	1	2	1.000000	1	1	1
306	ilp	0.8	0.954545	3.666667	4	4	3	4.000000	3	4	5
307	cohnlapata	0.8	0.235294	1.333333	1	1	2	1.333333	1	1	2
307	ilp	0.8	0.970588	4.333333	4	4	5	3.000000	4	2	3
308	cohnlapata	0.8	0.428571	1.666667	1	2	2	2.666667	5	2	1
308	ilp	0.8	0.857143	2.333333	2	2	3	3.333333	3	3	4
310	cohnlapata	0.8	0.375000	2.666667	3	3	2	2.000000	2	3	1
310	ilp	0.8	0.666667	4.333333	5	3	5	5.000000	5	5	5
310	sys1	0.8	0.625000	5.000000	5	5	5	3.666667	3	3	5
310	sys2	0.8	0.791667	4.000000	4	3	5	4.000000	5	3	4
310	sys3	0.8	0.791667	4.333333	5	3	5	3.666667	3	5	3
310	sys4	0.8	0.791667	3.666667	5	3	3	3.333333	3	4	3
311	cohnlapata	0.8	0.240000	1.000000	1	1	1	1.000000	1	1	1
311	ilp	0.8	0.640000	1.666667	1	2	2	1.333333	1	2	1
311	neg	0.8	0.5	2.000000	1	2	3	2.000000	2	2	2
311	sys1	0.8	0.680000	4.333333	3	5	5	3.000000	2	2	5
311	sys2	0.8	0.680000	4.333333	4	4	5	3.000000	2	2	5
311	sys3	0.8	0.680000	4.666667	4	5	5	4.000000	2	5	5
311	sys4	0.8	0.680000	5.000000	5	5	5	4.333333	4	4	5
312	cohnlapata	0.8	0.144928	1.000000	1	1	1	1.000000	1	1	1
312	ilp	0.8	0.782609	4.333333	5	3	5	3.000000	3	3	3
312	neg	0.8	0.5	1.666667	3	1	1	1.333333	2	1	1
312	sys1	0.8	0.797101	4.000000	5	4	3	3.000000	3	4	2
312	sys2	0.8	0.840580	4.333333	5	4	4	3.666667	3	5	3
312	sys3	0.8	0.840580	4.333333	4	4	5	3.000000	3	3	3
312	sys4	0.8	0.840580	4.666667	5	4	5	3.000000	3	4	2
313	cohnlapata	0.8	0.241379	2.666667	2	2	4	3.333333	5	3	2
313	ilp	0.8	0.689655	4.000000	3	4	5	5.000000	5	5	5
313	sys1	0.8	0.724138	3.666667	4	3	4	2.333333	2	2	3
313	sys2	0.8	0.724138	4.000000	4	3	5	2.333333	2	2	3
313	sys3	0.8	0.724138	3.666667	4	3	4	2.333333	2	2	3
313	sys4	0.8	0.724138	3.666667	4	3	4	2.333333	2	2	3
314	cohnlapata	0.8	0.333333	1.333333	1	2	1	2.000000	4	1	1
314	ilp	0.8	0.944444	4.333333	4	4	5	4.666667	4	5	5
315	cohnlapata	0.8	0.272727	1.000000	1	1	1	1.000000	1	1	1
315	ilp	0.8	0.954545	3.333333	4	3	3	3.333333	5	2	3
315	sys3	0.8	0.727273	3.333333	4	2	4	2.333333	3	1	3
315	sys4	0.8	0.727273	3.666667	4	3	4	4.333333	5	4	4
316	cohnlapata	0.8	0.666667	2.666667	2	3	3	3.666667	4	4	3
316	ilp	0.8	0.777778	4.000000	4	5	3	5.000000	5	5	5
316	sys1	0.8	0.777778	4.000000	4	5	3	4.000000	4	5	3
317	ilp	0.8	0.750000	1.666667	1	1	3	2.000000	2	1	3
318	cohnlapata	0.8	4.060606	1.000000	1	1	1	2.333333	1	1	5
318	ilp	0.8	0.969697	3.666667	5	2	4	4.000000	4	3	5
318	sys3	0.8	0.939394	3.333333	4	2	4	3.666667	4	2	5
318	sys4	0.8	0.939394	3.333333	4	2	4	3.666667	4	2	5
319	cohnlapata	0.8	0.473684	1.333333	1	2	1	2.000000	3	2	1
319	ilp	0.8	0.789474	4.000000	4	4	4	3.666667	5	2	4
319	sys1	0.8	0.842105	4.333333	4	4	5	2.333333	2	2	3
320	cohnlapata	0.8	0.575758	2.000000	1	3	2	1.333333	1	1	2
320	ilp	0.8	0.666667	3.000000	2	3	4	1.666667	1	2	2
320	sys1	0.8	0.696970	3.000000	2	3	4	2.000000	1	3	2
320	sys2	0.8	0.696970	3.333333	3	3	4	2.666667	4	2	2
320	sys3	0.8	0.696970	3.000000	2	3	4	2.333333	1	4	2
320	sys4	0.8	0.696970	3.000000	2	3	4	2.333333	1	4	2
323	cohnlapata	0.8	0.194444	1.666667	1	2	2	2.333333	1	5	1
323	ilp	0.8	0.861111	4.666667	4	5	5	5.000000	5	5	5
323	sys1	0.8	0.888889	5.000000	5	5	5	4.666667	4	5	5
323	sys2	0.8	0.888889	4.666667	5	5	4	4.333333	4	5	4
323	sys3	0.8	0.888889	5.000000	5	5	5	3.000000	2	4	3
323	sys4	0.8	0.888889	4.666667	5	5	4	3.333333	3	4	3
324	cohnlapata	0.8	0.392857	2.333333	2	2	3	3.666667	3	4	4
324	ilp	0.8	0.964286	4.333333	4	4	5	4.333333	3	5	5
325	cohnlapata	0.8	0.409091	1.666667	1	3	1	1.666667	2	2	1
325	ilp	0.8	0.863636	3.333333	3	4	3	3.666667	3	4	4
325	sys1	0.8	0.886364	4.000000	4	4	4	3.666667	3	4	4
325	sys2	0.8	0.931818	4.333333	5	4	4	3.000000	2	3	4
325	sys3	0.8	0.954545	4.333333	5	4	4	3.000000	3	2	4
325	sys4	0.8	0.954545	4.333333	5	4	4	3.000000	2	3	4
326	cohnlapata	0.8	0.761905	1.666667	1	2	2	2.333333	3	3	1
326	ilp	0.8	0.857143	4.333333	4	5	4	4.666667	5	5	4
326	sys1	0.8	0.904762	2.666667	3	3	2	3.000000	3	3	3
326	sys2	0.8	0.904762	4.666667	5	5	4	3.666667	3	5	3
326	sys3	0.8	0.904762	4.333333	5	5	3	3.666667	3	5	3
326	sys4	0.8	0.904762	4.333333	5	5	3	3.666667	3	5	3
327	cohnlapata	0.8	0.278689	1.666667	1	1	3	2.666667	3	1	4
327	ilp	0.8	0.836066	2.333333	3	1	3	2.666667	3	2	3
327	sys1	0.8	0.852459	4.000000	5	2	5	3.000000	3	2	4
327	sys2	0.8	0.852459	4.333333	5	3	5	3.333333	4	2	4
327	sys3	0.8	0.901639	4.333333	5	3	5	3.333333	4	2	4
327	sys4	0.8	0.934426	4.666667	5	4	5	3.333333	4	2	4
328	cohnlapata	0.8	0.444444	1.666667	1	2	2	1.333333	1	1	2
328	ilp	0.8	0.944444	3.666667	5	3	3	4.666667	5	4	5
329	cohnlapata	0.8	0.416667	1.333333	1	1	2	1.000000	1	1	1
329	ilp	0.8	0.791667	1.666667	1	2	2	3.666667	3	5	3
329	sys1	0.8	0.833333	1.666667	1	2	2	3.000000	3	3	3
329	sys2	0.8	0.833333	1.666667	1	2	2	3.000000	3	3	3
329	sys3	0.8	0.833333	1.666667	1	2	2	3.000000	3	3	3
329	sys4	0.8	0.833333	1.666667	1	2	2	3.000000	3	3	3
330	cohnlapata	0.8	0.312500	1.333333	1	1	2	1.333333	1	1	2
330	ilp	0.8	0.750000	2.666667	1	4	3	3.000000	2	5	2
330	sys1	0.8	0.687500	2.666667	2	4	2	1.333333	1	1	2
330	sys2	0.8	0.687500	2.000000	1	3	2	3.000000	3	4	2
330	sys3	0.8	0.687500	2.666667	2	4	2	1.333333	1	1	2
330	sys4	0.8	0.687500	1.333333	1	1	2	1.666667	1	2	2
331	cohnlapata	0.8	0.272727	1.333333	1	2	1	1.666667	1	3	1
331	ilp	0.8	0.636364	2.666667	2	3	3	4.000000	4	4	4
331	neg	0.8	0.5	1.666667	1	2	2	1.666667	1	2	2
331	sys1	0.8	0.727273	4.333333	4	4	5	4.333333	4	4	5
331	sys2	0.8	0.727273	2.666667	1	4	3	3.333333	3	4	3
331	sys3	0.8	0.727273	4.000000	4	5	3	4.333333	5	3	5
331	sys4	0.8	0.727273	4.000000	4	5	3	4.333333	5	3	5
332	cohnlapata	0.8	0.103448	1.000000	1	1	-1	1.000000	1	1	-1
332	ilp	0.8	0.965517	4.333333	4	5	4	4.000000	5	3	4
333	cohnlapata	0.8	0.523810	1.666667	2	2	1	2.333333	3	3	1
333	ilp	0.8	0.904762	4.666667	4	5	5	4.333333	5	3	5
333	sys1	0.8	0.952381	4.666667	5	4	5	4.666667	5	4	5
333	sys2	0.8	0.952381	4.666667	5	4	5	4.666667	5	4	5
333	sys3	0.8	0.952381	4.666667	5	4	5	4.666667	5	4	5
333	sys4	0.8	0.952381	3.666667	4	4	3	4.000000	5	4	3
334	cohnlapata	0.8	0.266667	2.333333	2	2	3	3.666667	4	5	2
334	ilp	0.8	0.866667	5.000000	5	5	5	4.666667	4	5	5
334	neg	0.8	0.5	2.666667	2	3	3	2.000000	2	2	2
334	sys1	0.8	0.900000	5.000000	5	5	5	4.000000	5	3	4
334	sys2	0.8	0.900000	5.000000	5	5	5	4.666667	4	5	5
334	sys3	0.8	0.900000	5.000000	5	5	5	4.333333	5	4	4
334	sys4	0.8	0.900000	4.666667	4	5	5	4.666667	5	4	5
335	cohnlapata	0.8	0.250000	1.000000	1	1	1	1.000000	1	1	1
335	ilp	0.8	0.840909	2.666667	2	3	3	2.666667	3	2	3
335	sys1	0.8	0.863636	3.000000	2	5	2	3.000000	2	5	2
335	sys2	0.8	0.886364	2.333333	3	1	3	2.000000	2	2	2
335	sys3	0.8	0.954545	4.333333	5	5	3	4.000000	3	5	4
335	sys4	0.8	0.954545	4.666667	5	5	4	4.000000	3	5	4
336	ilp	0.8	0.666667	3.000000	4	3	2	1.666667	2	2	1
336	sys1	0.8	0.833333	4.000000	4	4	4	2.333333	3	3	1
336	sys2	0.8	0.833333	4.000000	4	4	4	2.333333	3	3	1
336	sys3	0.8	0.833333	4.000000	4	4	4	2.333333	3	3	1
336	sys4	0.8	0.833333	4.000000	4	4	4	2.333333	3	3	1
337	cohnlapata	0.8	0.350000	2.333333	4	2	1	3.000000	5	2	2
337	ilp	0.8	0.875000	4.333333	3	5	5	4.666667	4	5	5
337	sys1	0.8	0.900000	3.333333	2	4	4	3.666667	3	4	4
337	sys2	0.8	0.900000	4.000000	4	4	4	4.333333	4	5	4
337	sys3	0.8	0.900000	4.000000	3	5	4	4.666667	5	5	4
337	sys4	0.8	0.900000	3.333333	1	5	4	4.333333	4	5	4
338	cohnlapata	0.8	0.545455	1.666667	2	2	1	1.666667	2	2	1
338	ilp	0.8	0.818182	2.333333	2	4	1	3.333333	4	4	2
338	neg	0.8	0.5	1.666667	2	2	1	1.666667	2	2	1
338	sys1	0.8	0.909091	2.666667	3	4	1	3.333333	4	4	2
338	sys2	0.8	0.909091	2.333333	3	3	1	2.333333	3	2	2
338	sys3	0.8	0.909091	2.666667	3	4	1	4.000000	5	5	2
338	sys4	0.8	0.909091	2.666667	3	4	1	4.000000	5	5	2
339	cohnlapata	0.8	0.195652	1.666667	2	2	1	2.666667	3	4	1
339	ilp	0.8	0.760870	3.666667	2	5	4	3.333333	3	3	4
339	sys1	0.8	0.782609	4.333333	4	5	4	3.666667	3	4	4
339	sys2	0.8	0.804348	2.666667	3	2	3	3.000000	4	3	2
339	sys3	0.8	0.804348	3.333333	2	4	4	3.666667	3	4	4
339	sys4	0.8	0.804348	4.666667	4	5	5	4.000000	4	4	4
340	cohnlapata	0.8	0.100000	1.000000	1	1	1	4.666667	5	4	5
340	ilp	0.8	0.800000	2.666667	2	2	4	3.333333	2	4	4
340	sys1	0.8	0.900000	3.000000	2	3	4	2.666667	2	3	3
340	sys2	0.8	0.900000	3.333333	2	4	4	3.666667	3	4	4
340	sys3	0.8	0.900000	3.000000	2	3	4	2.666667	2	3	3
340	sys4	0.8	0.900000	3.000000	2	3	4	2.666667	2	3	3
341	cohnlapata	0.8	0.307692	1.333333	1	1	2	2.333333	5	1	1
341	ilp	0.8	0.615385	3.000000	2	3	4	3.666667	4	3	4
341	neg	0.8	0.5	1.333333	1	1	2	2.000000	1	3	2
341	sys1	0.8	0.653846	3.333333	3	4	3	3.000000	3	3	3
341	sys2	0.8	0.653846	3.666667	4	4	3	2.666667	3	3	2
341	sys3	0.8	0.692308	2.666667	2	2	4	3.333333	2	5	3
341	sys4	0.8	0.692308	3.333333	3	3	4	2.333333	3	2	2
342	cohnlapata	0.8	0.142857	1.000000	1	1	1	1.333333	1	2	1
342	ilp	0.8	0.971429	4.666667	5	4	5	5.000000	5	5	5
342	sys3	0.8	0.857143	2.333333	2	4	1	2.666667	4	3	1
342	sys4	0.8	0.857143	3.000000	5	2	2	3.000000	4	4	1
343	ilp	0.8	0.800000	4.000000	4	4	4	4.333333	4	5	4
343	sys1	0.8	0.900000	4.666667	4	5	5	4.666667	5	5	4
344	cohnlapata	0.8	0.058824	1.333333	1	2	1	2.333333	1	5	1
344	ilp	0.8	0.794118	4.666667	4	5	5	4.666667	4	5	5
344	sys1	0.8	0.823529	4.666667	4	5	5	4.666667	4	5	5
344	sys2	0.8	0.823529	3.666667	4	4	3	3.333333	4	3	3
344	sys3	0.8	0.823529	4.000000	4	4	4	3.333333	4	3	3
344	sys4	0.8	0.852941	4.666667	4	5	5	4.333333	4	4	5
346	ilp	0.8	0.800000	4.000000	4	4	4	5.000000	5	5	5
346	sys1	0.8	0.800000	5.000000	5	5	5	3.333333	3	3	4
346	sys2	0.8	0.800000	4.333333	5	4	4	4.666667	4	5	5
346	sys3	0.8	0.800000	4.333333	5	4	4	4.666667	4	5	5
346	sys4	0.8	0.800000	4.333333	5	4	4	4.666667	4	5	5
347	cohnlapata	0.8	4.187500	2.000000	1	1	4	4.000000	5	3	4
347	ilp	0.8	0.750000	3.500000	4	3	-1	2.500000	3	2	-1
347	sys1	0.8	0.781250	3.333333	3	3	4	3.666667	4	2	5
347	sys2	0.8	0.781250	4.000000	4	3	5	4.666667	5	4	5
347	sys3	0.8	0.781250	3.666667	4	3	4	3.333333	4	2	4
347	sys4	0.8	0.781250	3.666667	3	4	4	3.333333	3	3	4
348	cohnlapata	0.8	0.384615	1.666667	1	1	3	1.333333	1	1	2
348	ilp	0.8	0.730769	3.333333	2	4	4	3.000000	1	4	4
348	sys1	0.8	0.769231	4.000000	4	4	4	2.666667	2	2	4
348	sys2	0.8	0.769231	3.666667	4	3	4	3.000000	2	3	4
348	sys3	0.8	0.769231	3.666667	3	4	4	2.333333	1	3	3
348	sys4	0.8	0.769231	3.333333	3	3	4	1.666667	1	2	2
349	ilp	0.8	0.750000	1.666667	2	2	1	1.666667	3	1	1
349	neg	0.8	0.5	1.666667	3	1	1	1.000000	-1	1	1
349	sys1	0.8	0.833333	2.000000	3	1	2	4.666667	4	5	5
349	sys2	0.8	0.750000	1.666667	2	1	2	4.000000	4	3	5
350	cohnlapata	0.8	0.333333	1.666667	2	1	2	1.000000	1	1	1
350	ilp	0.8	0.812500	3.000000	3	3	3	2.000000	2	2	2
350	neg	0.8	0.5	1.333333	1	1	2	1.333333	1	1	2
350	sys1	0.8	0.833333	2.000000	2	2	2	3.000000	3	3	3
350	sys2	0.8	0.854167	2.666667	2	3	3	2.333333	2	3	2
350	sys3	0.8	0.916667	4.666667	5	4	5	3.000000	3	3	3
350	sys4	0.8	0.916667	4.333333	5	4	4	3.666667	4	2	5
352	cohnlapata	0.8	0.352941	1.333333	1	2	1	2.000000	1	2	3
352	ilp	0.8	0.764706	3.000000	3	4	2	2.000000	3	1	2
352	sys1	0.8	0.823529	2.666667	4	3	1	2.666667	3	2	3
352	sys2	0.8	0.823529	3.666667	4	3	4	3.333333	4	3	3
352	sys3	0.8	0.823529	4.333333	4	4	5	4.000000	3	4	5
352	sys4	0.8	0.823529	4.000000	4	4	4	3.000000	2	4	3
353	cohnlapata	0.8	0.500000	1.666667	2	1	2	3.666667	5	1	5
353	ilp	0.8	0.875000	2.666667	3	1	4	3.666667	5	1	5
355	cohnlapata	0.8	0.444444	1.333333	1	2	1	4.333333	5	4	4
356	cohnlapata	0.8	0.600000	1.333333	1	1	2	1.333333	1	1	2
356	ilp	0.8	0.800000	2.333333	2	1	4	4.666667	5	5	4
356	sys1	0.8	0.800000	3.333333	4	2	4	5.000000	5	5	5
356	sys2	0.8	0.800000	3.333333	4	2	4	5.000000	5	5	5
356	sys3	0.8	0.800000	1.666667	1	2	2	3.666667	4	3	4
356	sys4	0.8	0.800000	2.333333	2	2	3	2.666667	4	1	3
357	cohnlapata	0.8	0.916667	3.666667	4	5	2	3.666667	3	5	3
357	ilp	0.8	0.750000	2.666667	2	4	2	5.000000	5	5	5
357	sys1	0.8	0.833333	3.666667	4	5	2	3.666667	3	5	3
357	sys2	0.8	0.833333	3.666667	4	5	2	3.666667	3	5	3
357	sys3	0.8	0.833333	3.666667	4	5	2	5.000000	5	5	5
357	sys4	0.8	0.833333	3.666667	4	5	2	5.000000	5	5	5
358	cohnlapata	0.8	0.166667	2.000000	1	2	3	2.666667	1	2	5
358	ilp	0.8	0.916667	3.000000	2	4	3	3.666667	3	5	3
359	cohnlapata	0.8	0.125000	1.333333	1	1	2	1.666667	1	1	3
359	ilp	0.8	0.975000	4.666667	4	5	5	4.666667	4	5	5
359	sys3	0.8	0.875000	4.666667	4	5	5	3.666667	4	3	4
359	sys4	0.8	0.875000	3.000000	3	2	4	2.666667	3	2	3
360	cohnlapata	0.8	0.071429	1.000000	1	1	1	1.333333	1	1	2
360	ilp	0.8	0.714286	3.000000	2	3	4	3.666667	4	3	4
360	neg	0.8	0.5	1.333333	2	1	1	1.666667	2	2	1
360	sys1	0.8	0.785714	2.666667	3	2	3	4.666667	5	5	4
360	sys2	0.8	0.857143	2.666667	3	2	3	2.000000	3	2	1
360	sys3	0.8	0.785714	2.000000	2	2	2	3.333333	3	3	4
360	sys4	0.8	0.785714	3.000000	3	3	3	3.666667	4	3	4
361	cohnlapata	0.8	0.222222	1.666667	2	1	2	2.000000	2	2	2
361	ilp	0.8	0.962963	5.000000	5	5	5	3.000000	3	3	3
361	sys3	0.8	0.962963	4.333333	4	5	4	3.333333	3	4	3
361	sys4	0.8	0.962963	4.000000	4	4	4	2.666667	2	3	3
362	cohnlapata	0.8	0.555556	2.666667	1	4	3	2.333333	2	3	2
362	ilp	0.8	0.777778	3.000000	2	4	3	2.333333	2	3	2
362	sys1	0.8	0.888889	2.666667	1	4	3	3.000000	3	3	3
362	sys2	0.8	0.888889	3.000000	1	4	4	2.333333	1	3	3
362	sys3	0.8	0.888889	2.666667	1	4	3	3.000000	3	3	3
362	sys4	0.8	0.888889	2.666667	1	4	3	3.000000	3	3	3
363	cohnlapata	0.8	0.312500	1.333333	1	1	2	1.333333	2	1	1
363	ilp	0.8	0.812500	4.000000	4	4	4	4.666667	5	5	4
363	sys1	0.8	0.875000	4.333333	4	5	4	4.666667	5	5	4
363	sys2	0.8	0.875000	4.000000	3	5	4	3.666667	2	5	4
363	sys3	0.8	0.875000	3.666667	4	4	3	4.333333	4	5	4
363	sys4	0.8	0.875000	3.666667	4	4	3	4.333333	4	5	4
364	cohnlapata	0.8	0.592593	2.666667	2	2	4	3.333333	3	4	3
364	ilp	0.8	0.740741	3.000000	2	3	4	3.333333	3	4	3
364	neg	0.8	0.5	2.666667	2	2	4	2.000000	2	1	3
364	sys1	0.8	0.777778	3.666667	2	5	4	3.666667	3	5	3
364	sys2	0.8	0.777778	4.000000	2	5	5	2.666667	3	2	3
364	sys3	0.8	0.777778	4.000000	3	5	4	2.666667	2	3	3
364	sys4	0.8	0.777778	3.666667	2	5	4	3.000000	2	4	3
365	cohnlapata	0.8	0.438356	2.666667	1	4	3	2.000000	1	2	3
365	ilp	0.8	0.835616	4.000000	3	5	4	3.333333	3	4	3
365	neg	0.8	0.5	2.666667	1	4	3	1.666667	1	2	2
365	sys1	0.8	0.849315	4.333333	4	5	4	3.333333	2	4	4
365	sys2	0.8	0.917808	4.000000	3	5	4	3.666667	3	4	4
365	sys3	0.8	0.917808	4.666667	5	5	4	4.000000	4	4	4
365	sys4	0.8	0.917808	4.666667	5	5	4	4.000000	4	4	4
366	cohnlapata	0.8	0.882353	3.000000	1	5	3	3.666667	3	5	3
366	ilp	0.8	0.823529	3.666667	3	5	3	4.333333	4	5	4
366	sys1	0.8	0.882353	3.666667	2	5	4	3.000000	2	3	4
366	sys2	0.8	0.882353	3.666667	2	5	4	3.333333	3	3	4
366	sys3	0.8	0.882353	4.333333	4	5	4	3.666667	3	5	3
366	sys4	0.8	0.882353	4.666667	4	5	5	4.666667	4	5	5
367	cohnlapata	0.8	0.013699	1.333333	1	1	2	2.333333	1	1	5
367	ilp	0.8	0.739726	2.666667	3	3	2	2.666667	2	2	4
367	sys1	0.8	0.753425	4.000000	3	5	4	3.000000	2	5	2
367	sys2	0.8	0.753425	4.333333	4	5	4	3.333333	2	5	3
367	sys3	0.8	0.753425	3.333333	3	5	2	3.333333	2	5	3
367	sys4	0.8	0.753425	4.000000	4	4	4	3.666667	2	4	5
368	cohnlapata	0.8	0.200000	1.666667	2	1	2	1.666667	1	2	2
368	ilp	0.8	0.750000	3.000000	2	3	4	4.333333	5	3	5
368	sys1	0.8	0.800000	3.666667	4	4	3	3.000000	3	3	3
368	sys2	0.8	0.800000	3.666667	4	3	4	2.333333	3	2	2
368	sys3	0.8	0.800000	3.333333	4	3	3	3.000000	3	3	3
368	sys4	0.8	0.800000	3.333333	4	3	3	3.000000	3	3	3
369	cohnlapata	0.8	0.681818	3.000000	4	2	3	2.000000	2	2	2
369	ilp	0.8	0.818182	4.000000	4	3	5	2.333333	2	2	3
369	sys1	0.8	0.863636	4.666667	5	4	5	3.333333	4	3	3
369	sys2	0.8	0.863636	4.333333	4	4	5	3.333333	4	3	3
369	sys3	0.8	0.863636	4.333333	4	4	5	3.333333	4	3	3
369	sys4	0.8	0.863636	4.000000	4	3	5	3.333333	4	3	3
370	cohnlapata	0.8	0.339286	2.000000	3	1	-1	2.000000	2	2	-1
370	ilp	0.8	0.982143	4.000000	5	3	-1	3.000000	4	2	-1
370	sys3	0.8	0.910714	4.500000	5	4	-1	5.000000	5	5	-1
370	sys4	0.8	0.910714	4.500000	5	4	-1	5.000000	5	5	-1
371	cohnlapata	0.8	0.750000	2.666667	3	3	2	1.666667	2	2	1
371	ilp	0.8	0.833333	3.666667	2	4	5	3.333333	3	4	3
371	sys1	0.8	0.916667	5.000000	5	5	5	4.333333	5	5	3
371	sys2	0.8	0.833333	5.000000	5	5	5	4.333333	3	5	5
371	sys3	0.8	0.916667	5.000000	5	5	5	4.333333	5	5	3
371	sys4	0.8	0.916667	5.000000	5	5	5	4.333333	5	5	3
372	cohnlapata	0.8	0.454545	1.333333	2	1	1	1.333333	1	2	1
372	ilp	0.8	0.818182	4.000000	3	4	5	4.000000	3	4	5
372	sys1	0.8	0.818182	2.333333	2	3	2	1.333333	1	2	1
373	cohnlapata	0.8	0.423077	3.333333	2	4	4	2.333333	3	2	2
373	ilp	0.8	0.884615	3.666667	2	4	5	3.333333	2	3	5
373	sys1	0.8	0.846154	4.333333	4	4	5	3.333333	3	3	4
373	sys2	0.8	0.846154	4.333333	4	4	5	3.333333	3	3	4
373	sys3	0.8	0.846154	4.333333	3	5	5	2.333333	1	2	4
373	sys4	0.8	0.846154	3.666667	1	5	5	2.666667	2	2	4
374	cohnlapata	0.8	0.032258	3.000000	1	3	5	2.333333	1	2	4
374	ilp	0.8	0.967742	4.500000	4	-1	5	3.500000	3	-1	4
374	sys3	0.8	0.935484	4.666667	5	4	5	4.666667	5	4	5
374	sys4	0.8	0.935484	4.666667	5	4	5	4.666667	5	4	5
375	cohnlapata	0.8	0.131579	2.000000	1	2	3	3.333333	2	4	4
375	ilp	0.8	0.973684	3.333333	4	4	2	4.000000	5	4	3
375	sys3	0.8	0.947368	4.000000	5	4	3	2.333333	3	2	2
375	sys4	0.8	0.947368	4.000000	5	4	3	3.000000	3	2	4
376	cohnlapata	0.8	0.178571	1.000000	1	1	1	1.000000	1	1	1
376	ilp	0.8	0.821429	4.333333	3	5	5	4.000000	4	5	3
376	sys1	0.8	0.857143	4.333333	3	5	5	3.333333	3	3	4
376	sys2	0.8	0.857143	4.333333	3	5	5	4.333333	3	5	5
376	sys3	0.8	0.857143	4.333333	3	5	5	4.666667	4	5	5
376	sys4	0.8	0.857143	4.333333	3	5	5	4.333333	4	4	5
377	cohnlapata	0.8	0.117647	1.000000	1	-1	1	1.000000	1	-1	1
377	ilp	0.8	0.970588	3.500000	4	-1	3	3.000000	4	-1	2
377	sys3	0.8	0.882353	3.000000	4	-1	2	2.500000	3	-1	2
377	sys4	0.8	0.882353	3.000000	4	-1	2	2.500000	3	-1	2
379	cohnlapata	0.8	0.727273	3.000000	2	2	5	1.666667	2	1	2
379	ilp	0.8	0.969697	5.000000	5	5	5	3.666667	3	5	3
379	neg	0.8	0.5	2.000000	2	2	2	1.333333	2	1	1
380	cohnlapata	0.8	0.894737	3.333333	3	3	4	2.333333	1	3	3
380	ilp	0.8	0.947368	3.333333	3	4	3	3.666667	3	5	3
380	neg	0.8	0.5	2.000000	2	1	3	1.333333	1	1	2
380	sys1	0.8	0.947368	3.666667	3	5	3	4.666667	5	5	4
380	sys2	0.8	0.947368	4.000000	3	5	4	4.333333	5	5	3
380	sys3	0.8	0.947368	3.666667	3	5	3	4.666667	5	5	4
380	sys4	0.8	0.947368	3.666667	3	5	3	4.666667	5	5	4
381	cohnlapata	0.8	0.380952	2.500000	3	2	-1	5.000000	5	5	-1
381	ilp	0.8	0.952381	4.000000	5	3	-1	4.000000	5	3	-1
382	cohnlapata	0.8	0.434783	1.333333	1	1	2	1.000000	1	1	1
382	ilp	0.8	0.782609	2.333333	3	1	3	2.666667	4	2	2
382	sys1	0.8	0.826087	2.333333	3	1	3	4.000000	2	5	5
382	sys2	0.8	0.826087	2.333333	3	1	3	3.000000	3	2	4
382	sys3	0.8	0.826087	2.333333	3	1	3	3.000000	3	4	2
382	sys4	0.8	0.826087	2.666667	4	1	3	3.666667	4	5	2
383	cohnlapata	0.8	0.350000	1.000000	1	1	1	2.000000	1	3	2
383	ilp	0.8	0.800000	3.000000	3	1	5	4.666667	5	5	4
383	neg	0.8	0.5	1.666667	1	1	3	1.000000	1	1	1
383	sys1	0.8	0.750000	1.000000	1	1	1	3.666667	2	4	5
383	sys2	0.8	0.750000	1.666667	2	2	1	3.666667	2	4	5
383	sys3	0.8	0.750000	2.666667	2	2	4	2.333333	2	3	2
383	sys4	0.8	0.750000	2.666667	2	2	4	2.333333	2	3	2
384	cohnlapata	0.8	0.326923	1.333333	2	1	1	1.333333	2	1	1
384	ilp	0.8	0.980769	4.666667	5	4	5	4.000000	3	5	4
384	sys3	0.8	0.865385	4.333333	5	4	4	2.666667	3	3	2
384	sys4	0.8	0.865385	4.666667	5	5	4	2.333333	3	2	2
385	cohnlapata	0.8	0.318182	1.333333	1	1	2	1.000000	1	1	1
385	ilp	0.8	0.818182	3.333333	3	3	4	4.666667	5	5	4
385	sys1	0.8	0.772727	4.000000	4	4	4	2.333333	2	2	3
385	sys2	0.8	0.818182	4.000000	4	4	4	2.666667	3	2	3
385	sys3	0.8	0.818182	3.666667	4	3	4	3.666667	5	2	4
385	sys4	0.8	0.818182	3.666667	4	3	4	3.666667	5	2	4
386	cohnlapata	0.8	0.705882	3.666667	3	3	5	3.333333	3	3	4
386	ilp	0.8	0.705882	4.000000	3	4	5	4.666667	5	5	4
386	sys1	0.8	0.764706	4.000000	4	3	5	3.333333	3	4	3
386	sys2	0.8	0.764706	4.333333	4	4	5	3.333333	2	3	5
386	sys3	0.8	0.764706	4.333333	4	4	5	3.000000	3	4	2
386	sys4	0.8	0.764706	4.333333	4	4	5	4.000000	3	4	5
387	cohnlapata	0.8	0.520000	2.000000	2	2	2	1.666667	2	2	1
387	ilp	0.8	0.840000	4.000000	5	4	3	2.333333	2	3	2
387	neg	0.8	0.5	2.666667	3	3	2	1.666667	2	2	1
387	sys1	0.8	0.880000	3.666667	5	4	2	2.666667	3	3	2
387	sys2	0.8	0.960000	4.666667	5	4	5	4.666667	5	4	5
387	sys3	0.8	0.960000	4.666667	5	4	5	4.000000	3	4	5
387	sys4	0.8	0.920000	4.000000	4	3	5	4.000000	3	4	5
388	cohnlapata	0.8	0.529412	1.666667	2	1	2	2.666667	2	4	2
388	ilp	0.8	0.970588	4.333333	5	4	4	4.333333	5	4	4
388	sys3	0.8	0.911765	4.000000	4	4	4	3.666667	4	5	2
388	sys4	0.8	0.911765	4.333333	5	4	4	3.666667	5	3	3
389	ilp	0.8	0.833333	4.666667	5	5	4	4.666667	5	5	4
391	cohnlapata	0.8	0.238095	1.000000	1	1	1	1.000000	1	1	1
391	ilp	0.8	0.785714	3.666667	5	3	3	3.333333	4	2	4
391	sys1	0.8	0.809524	3.666667	4	3	4	4.333333	4	4	5
391	sys2	0.8	0.809524	3.333333	4	3	3	3.333333	4	2	4
391	sys3	0.8	0.809524	4.333333	4	5	4	4.333333	3	5	5
391	sys4	0.8	0.809524	4.000000	5	3	4	3.666667	4	3	4
392	cohnlapata	0.8	0.600000	2.333333	3	2	2	3.000000	3	2	4
392	ilp	0.8	0.933333	2.000000	2	2	2	2.333333	1	3	3
392	neg	0.8	0.5	1.333333	1	1	2	1.333333	1	1	2
393	cohnlapata	0.8	0.720000	2.666667	5	2	1	2.666667	3	2	3
393	ilp	0.8	0.840000	2.666667	4	3	1	3.000000	3	2	4
393	neg	0.8	0.5	2.333333	3	2	2	1.666667	2	2	1
393	sys1	0.8	0.880000	4.000000	4	3	5	3.000000	4	2	3
393	sys2	0.8	0.880000	4.000000	4	3	5	2.666667	3	2	3
393	sys3	0.8	0.880000	4.666667	5	4	5	4.333333	5	3	5
393	sys4	0.8	0.880000	4.666667	5	4	5	4.333333	5	3	5
394	cohnlapata	0.8	0.904762	3.333333	3	4	3	2.666667	1	4	3
394	ilp	0.8	0.952381	4.000000	4	4	4	4.666667	5	5	4
394	neg	0.8	0.5	1.333333	1	1	2	1.000000	1	1	1
395	cohnlapata	0.8	0.403846	2.333333	1	4	2	3.666667	4	5	2
395	ilp	0.8	0.711538	3.666667	2	5	4	3.666667	4	5	2
395	sys1	0.8	0.692308	4.000000	3	4	5	4.666667	5	5	4
395	sys2	0.8	0.692308	4.333333	4	4	5	3.333333	3	3	4
395	sys3	0.8	0.730769	4.000000	3	4	5	3.333333	5	3	2
395	sys4	0.8	0.730769	4.333333	4	4	5	3.333333	5	3	2
396	cohnlapata	0.8	0.363636	1.000000	1	1	1	4.666667	5	4	5
396	ilp	0.8	0.727273	2.666667	2	2	4	5.000000	5	5	5
396	neg	0.8	0.5	1.666667	1	2	2	1.666667	1	2	2
396	sys1	0.8	0.818182	2.666667	3	1	4	3.000000	3	3	3
396	sys2	0.8	0.818182	2.666667	3	1	4	3.000000	3	3	3
396	sys3	0.8	0.818182	4.333333	4	5	4	5.000000	5	5	5
396	sys4	0.8	0.818182	3.000000	3	1	5	5.000000	5	5	5
397	cohnlapata	0.8	0.650000	2.000000	2	2	2	2.000000	2	2	2
397	ilp	0.8	0.950000	2.666667	3	3	2	3.666667	3	3	5
398	cohnlapata	0.8	0.500000	2.000000	1	3	2	1.666667	1	3	1
398	ilp	0.8	0.717391	3.000000	2	4	3	4.000000	5	4	3
398	sys1	0.8	0.739130	3.000000	2	4	3	4.333333	3	5	5
398	sys2	0.8	0.739130	2.666667	2	3	3	4.000000	3	4	5
398	sys3	0.8	0.782609	4.666667	4	5	5	3.000000	2	4	3
398	sys4	0.8	0.739130	4.000000	3	5	4	3.666667	3	3	5
399	cohnlapata	0.8	0.116279	1.333333	1	2	1	3.666667	3	4	4
399	ilp	0.8	0.767442	4.000000	3	4	5	4.000000	3	4	5
399	neg	0.8	0.5	1.666667	1	2	2	1.333333	1	2	1
399	sys1	0.8	0.790698	2.333333	1	4	2	2.000000	1	3	2
399	sys2	0.8	0.790698	2.333333	1	3	3	2.000000	1	3	2
399	sys3	0.8	0.813953	2.333333	2	2	3	2.333333	2	2	3
399	sys4	0.8	0.837209	4.000000	4	4	4	3.333333	2	5	3
400	cohnlapata	0.8	0.705882	2.333333	3	2	2	4.333333	5	4	4
400	ilp	0.8	0.941176	4.666667	5	4	5	5.000000	5	5	5
401	cohnlapata	0.8	0.653846	2.000000	1	2	3	3.666667	4	4	3
401	ilp	0.8	0.846154	4.000000	4	-1	4	5.000000	5	-1	5
401	sys1	0.8	0.884615	4.333333	4	4	5	4.333333	4	4	5
401	sys2	0.8	0.884615	4.333333	4	4	5	4.333333	4	4	5
401	sys3	0.8	0.884615	4.000000	3	4	5	4.000000	4	4	4
401	sys4	0.8	0.884615	4.000000	3	4	5	4.333333	4	4	5
402	cohnlapata	0.8	0.684211	2.000000	2	2	2	1.333333	1	2	1
402	ilp	0.8	0.947368	4.000000	3	4	5	5.000000	5	5	5
402	sys1	0.8	0.894737	3.666667	3	4	4	4.333333	3	5	5
403	cohnlapata	0.8	0.176471	1.000000	1	1	1	1.000000	1	1	1
403	ilp	0.8	0.705882	1.666667	1	2	2	3.000000	3	2	4
403	sys1	0.8	0.764706	3.333333	3	3	4	2.333333	2	2	3
403	sys2	0.8	0.764706	4.000000	5	3	4	3.000000	4	2	3
404	cohnlapata	0.8	0.722222	2.333333	2	2	3	2.333333	2	2	3
404	ilp	0.8	0.944444	3.333333	3	3	4	3.666667	3	4	4
404	neg	0.8	0.5	2.333333	3	1	3	2.333333	2	2	3
405	cohnlapata	0.8	0.192771	1.666667	1	2	2	1.000000	1	1	1
405	ilp	0.8	0.987952	4.000000	3	5	4	4.000000	3	4	5
405	neg	0.8	0.5	2.666667	2	3	3	2.000000	2	2	2
405	sys3	0.8	0.975904	4.000000	3	5	4	3.666667	3	4	4
405	sys4	0.8	0.975904	4.000000	3	5	4	3.666667	3	4	4
406	cohnlapata	0.8	0.464286	1.666667	2	2	1	1.333333	1	1	2
406	ilp	0.8	0.964286	4.666667	5	5	4	4.666667	4	5	5
408	cohnlapata	0.8	0.136364	1.333333	1	1	2	3.333333	5	4	1
408	ilp	0.8	0.954545	3.333333	5	2	3	3.000000	4	2	3
408	sys3	0.8	0.909091	4.333333	5	4	4	4.666667	5	5	4
408	sys4	0.8	0.954545	4.333333	5	4	4	4.666667	5	5	4
409	cohnlapata	0.8	0.714286	3.666667	4	4	3	3.000000	3	3	3
409	sys1	0.8	0.857143	5.000000	5	5	5	5.000000	5	5	5
410	cohnlapata	0.8	0.591837	2.666667	1	3	4	2.333333	1	2	4
410	ilp	0.8	0.938776	4.666667	4	5	5	5.000000	5	5	5
410	sys1	0.8	0.959184	4.333333	4	5	4	2.666667	2	3	3
410	sys2	0.8	0.959184	4.333333	4	5	4	2.666667	2	3	3
410	sys3	0.8	0.959184	4.333333	4	5	4	2.666667	2	3	3
410	sys4	0.8	0.959184	4.333333	4	5	4	2.666667	2	3	3
411	cohnlapata	0.8	0.545455	1.666667	3	1	1	1.000000	1	1	1
411	ilp	0.8	0.909091	3.000000	3	4	2	3.000000	1	4	4
411	neg	0.8	0.5	1.333333	2	1	1	1.000000	1	1	1
412	cohnlapata	0.8	0.258065	1.333333	2	1	1	1.666667	1	1	3
412	ilp	0.8	0.838710	4.333333	4	4	5	4.666667	4	5	5
412	sys1	0.8	0.870968	5.000000	5	5	5	3.000000	3	3	3
412	sys2	0.8	0.870968	5.000000	5	5	5	4.666667	4	5	5
412	sys3	0.8	0.870968	5.000000	5	5	5	4.666667	5	4	5
412	sys4	0.8	0.870968	5.000000	5	5	5	5.000000	5	5	5
413	ilp	0.8	0.800000	2.666667	2	4	2	3.333333	3	5	2
413	neg	0.8	0.5	2.333333	2	3	2	2.666667	1	4	3
414	cohnlapata	0.8	0.666667	1.000000	1	1	1	4.333333	5	5	3
415	cohnlapata	0.8	0.250000	1.000000	1	1	1	3.000000	4	4	1
415	ilp	0.8	0.700000	4.666667	5	4	5	2.666667	3	2	3
415	sys1	0.8	0.650000	2.333333	3	2	2	3.333333	5	3	2
415	sys2	0.8	0.700000	4.000000	5	2	5	4.000000	3	4	5
415	sys3	0.8	0.700000	4.666667	4	5	5	3.666667	5	3	3
415	sys4	0.8	0.700000	5.000000	5	5	5	3.666667	3	5	3
