0	0.8
1	0.5
1	0.6
1	0.8
1	0.9
1	soft
5	0.8
5	0.9
6	0.6
6	0.7
6	0.8
6	0.9
7	0.5
7	0.6
7	0.8
7	0.9
7	soft
15	0.5
15	0.6
15	0.7
15	0.8
15	0.9
15	soft
19	0.6
19	0.7
19	0.8
19	0.9
19	soft
21	0.5
21	0.7
21	0.8
21	0.9
21	soft
24	0.6
24	0.7
24	0.8
29	0.5
29	0.6
29	0.9
31	0.5
31	0.8
31	0.9
35	0.6
35	0.8
35	0.9
38	0.5
38	0.7
38	0.8
47	0.5
47	0.8
50	0.5
50	0.6
50	0.7
50	0.9
50	soft
53	0.8
54	0.5
54	0.7
54	0.8
59	soft
60	0.7
60	0.8
60	0.9
61	0.7
61	0.8
61	soft
63	0.5
63	soft
67	0.5
67	0.6
67	0.7
67	0.8
67	0.9
67	soft
69	0.6
69	soft
72	0.6
72	0.7
72	0.8
72	0.9
72	soft
74	0.5
74	0.8
74	0.9
74	soft
82	0.6
93	0.8
106	0.5
106	0.6
106	0.9
106	soft
108	0.5
108	0.6
108	0.7
108	0.8
108	0.9
108	soft
110	0.5
110	0.6
110	0.7
110	0.9
117	0.5
117	0.8
120	0.6
120	0.7
122	0.6
122	soft
124	0.6
124	0.7
124	0.8
124	0.9
124	soft
137	0.5
137	0.6
137	0.7
137	soft
139	0.5
139	0.6
144	0.6
144	0.7
145	0.5
145	0.6
145	0.7
145	0.8
145	0.9
151	0.5
151	0.6
151	soft
154	0.6
154	0.7
154	0.9
154	soft
155	0.6
155	soft
158	0.5
158	0.6
158	0.7
158	0.8
158	0.9
158	soft
161	0.5
161	0.7
161	0.8
164	0.5
164	0.6
164	0.7
164	0.8
164	0.9
164	soft
165	0.5
165	0.6
165	0.8
165	0.9
165	soft
166	0.5
166	0.8
166	0.9
167	0.7
167	0.8
169	0.9
172	0.5
172	0.6
172	0.7
172	0.8
172	0.9
172	soft
178	0.5
178	0.6
178	0.9
182	0.5
182	0.6
182	0.7
182	0.8
185	0.8
185	soft
189	0.7
191	0.8
191	0.9
192	0.6
192	0.7
192	0.9
192	soft
193	0.5
193	0.6
195	soft
196	0.5
196	0.6
196	0.7
196	0.8
196	0.9
196	soft
203	0.9
216	0.8
216	0.9
218	0.5
219	0.6
220	0.5
220	0.7
225	0.5
225	0.6
225	0.8
226	0.6
226	soft
234	0.5
234	0.6
234	0.7
234	0.8
234	0.9
234	soft
240	0.5
240	0.6
240	0.7
240	0.8
240	0.9
240	soft
241	0.9
244	0.5
244	0.6
244	0.7
244	0.8
244	0.9
244	soft
247	0.5
247	0.8
247	0.9
248	0.6
248	0.7
248	0.8
248	0.9
251	0.5
251	0.6
252	0.6
252	0.8
252	0.9
261	0.5
261	0.6
261	0.8
261	0.9
263	0.5
263	0.6
263	0.9
263	soft
264	0.5
264	0.6
264	0.7
264	0.8
264	0.9
264	soft
270	0.5
270	0.6
270	0.7
270	0.8
270	soft
271	0.5
271	0.6
271	0.9
275	0.7
275	0.8
275	soft
285	0.5
285	0.7
285	0.9
285	soft
288	0.8
288	0.9
293	0.7
293	0.8
293	0.9
293	soft
295	0.5
295	0.6
295	0.7
295	0.8
295	0.9
295	soft
297	0.5
297	0.7
297	0.8
297	0.9
297	soft
301	0.5
301	0.6
301	0.7
301	0.8
301	0.9
301	soft
302	0.7
302	0.8
302	0.9
302	soft
305	0.6
305	0.7
310	0.6
312	0.5
312	0.6
312	0.7
317	0.7
331	0.6
331	0.7
331	0.8
331	0.9
333	0.8
335	0.5
335	0.6
335	0.7
335	0.8
335	0.9
335	soft
336	soft
337	0.5
337	0.6
337	0.7
337	0.8
337	0.9
339	0.5
339	0.9
339	soft
341	0.5
341	0.6
341	0.7
341	0.8
341	0.9
341	soft
345	0.5
345	0.6
345	0.7
345	0.9
349	0.7
351	0.8
351	0.9
351	soft
358	0.8
358	soft
359	0.5
359	0.6
359	0.9
359	soft
367	0.6
367	0.7
367	0.8
367	0.9
367	soft
369	0.8
369	soft
371	0.5
371	0.6
371	0.7
371	0.8
371	0.9
371	soft
372	0.7
373	0.5
373	0.6
373	0.7
374	0.6
374	0.8
374	0.9
374	soft
378	0.5
378	0.6
378	0.7
378	0.9
378	soft
382	0.6
382	0.8
382	soft
383	0.6
386	0.5
386	0.6
386	0.7
386	soft
387	0.6
388	0.5
388	0.6
388	0.7
388	0.9
388	soft
392	0.5
392	0.6
392	0.9
396	0.5
396	0.7
397	0.5
397	0.7
404	0.5
404	0.6
404	0.7
404	0.8
404	0.9
404	soft
407	0.5
407	0.6
407	0.7
407	0.8
407	0.9
407	soft
411	soft
414	0.6
414	0.7
415	soft
418	0.7
418	0.8
418	0.9
421	0.7
424	0.5
424	0.9
425	0.7
425	0.9
425	soft
434	0.9
434	soft
437	0.5
437	0.6
438	0.5
438	soft
440	0.5
440	0.6
440	0.7
440	0.8
440	0.9
440	soft
442	0.5
442	0.8
442	soft
444	0.5
444	0.9
445	0.6
445	0.7
447	0.6
447	0.7
447	0.8
447	0.9
447	soft
451	0.5
451	0.6
451	0.8
451	0.9
451	soft
453	0.5
453	0.6
455	0.6
455	0.8
458	0.5
458	0.7
458	0.8
460	0.5
460	0.6
460	0.8
460	0.9
460	soft
462	0.5
462	0.8
462	soft
464	0.5
464	0.8
464	0.9
465	0.5
465	0.6
465	0.7
465	0.8
465	0.9
465	soft
470	0.6
470	0.7
470	0.9
471	0.5
471	0.6
471	0.7
471	0.8
471	0.9
473	0.6
473	0.7
475	0.5
475	0.6
475	0.9
477	0.6
477	0.8
482	0.5
482	0.6
482	0.7
482	0.8
482	0.9
482	soft
486	0.5
486	0.6
486	0.7
486	0.8
486	0.9
486	soft
490	0.5
490	0.6
490	0.7
490	0.8
490	0.9
491	0.6
491	0.7
494	0.5
494	0.6
494	0.7
494	0.8
494	0.9
494	soft
497	0.6
497	0.7
497	0.8
497	soft
498	0.6
498	0.7
498	0.9
498	soft
503	0.7
503	soft
504	0.5
504	0.6
504	0.7
504	0.8
504	soft
516	0.5
516	0.6
516	0.7
516	0.8
516	0.9
518	0.5
518	0.6
518	0.7
518	0.8
518	0.9
518	soft
519	0.8
519	0.9
520	0.8
520	0.9
524	0.5
524	0.6
524	0.7
524	0.8
524	0.9
524	soft
526	0.5
526	0.6
526	0.7
526	0.9
526	soft
531	0.5
531	0.7
531	0.8
531	0.9
531	soft
532	0.6
532	0.7
532	0.9
532	soft
537	0.5
537	0.6
537	0.7
537	0.9
537	soft
548	0.5
548	0.8
548	0.9
554	0.5
554	0.8
554	0.9
554	soft
555	0.5
555	0.6
555	0.7
555	0.8
555	0.9
555	soft
556	0.5
556	0.6
556	0.7
556	0.8
556	0.9
564	0.8
564	soft
566	0.5
566	0.6
566	0.7
566	0.9
566	soft
568	0.7
568	soft
570	0.5
570	0.9
573	0.5
573	0.6
573	0.7
573	soft
582	0.5
582	0.8
584	0.5
584	0.9
584	soft
585	0.7
585	0.9
585	soft
588	0.5
588	0.6
588	0.7
588	0.8
588	0.9
588	soft
591	0.5
591	0.9
593	0.9
595	0.5
595	0.6
595	0.8
595	soft
596	0.5
597	0.5
597	0.7
597	0.9
600	0.5
600	0.6
600	0.8
600	0.9
600	soft
606	0.6
606	0.7
606	soft
610	0.5
610	0.6
610	0.7
610	0.8
610	0.9
613	0.5
613	0.6
613	0.9
613	soft
614	0.6
614	0.8
614	0.9
614	soft
615	0.5
615	0.6
615	0.7
615	0.8
615	0.9
615	soft
618	0.5
618	0.6
